630 149599493828.669
630.1 148829475152.169
630.2 147523073225.273
630.3 147668469374.963
630.4 147671202346.221
630.5 147016575070.904
630.6 146972304060.309
630.7 147427433812.856
630.8 147827604344.013
630.9 148127089718.885
631 147527872868.037
631.1 147418186615.13
631.2 148230309905.126
631.3 148310679816.456
631.4 148691873861.991
631.5 150746335699.278
631.6 150582499909.702
631.7 150611216540.056
631.8 151219760192.983
631.9 151197533548.209
632 151107384749.585
632.1 152269327846.42
632.2 152418956134.048
632.3 151929385921.178
632.4 151777868940.78
632.5 151855988863.713
632.6 151751341077.99
632.7 150204513242.872
632.8 150361178846.042
632.9 149724031721.785
633 148020399422.908
633.1 148184818952.569
633.2 147815702159.512
633.3 145981108131.236
633.4 146266237318.8
633.5 145868838965.318
633.6 144805620595.533
633.7 144294370103.072
633.8 143987354888.358
633.9 142606631118.452
634 143426224963.241
634.1 143771934675.293
634.2 143555407170.771
634.3 143551473412.385
634.4 143494696671.385
634.5 143601474317.209
634.6 144209113610.517
634.7 143680804667.92
634.8 144913091671.45
634.9 145326023777.296
635 145558114955.964
635.1 146512392920.714
635.2 146480426757.472
635.3 146755075407.039
635.4 147334589439.739
635.5 147653416083.3
635.6 147797844929.046
635.7 148104732383.138
635.8 146965392329.599
635.9 148114042765.17
636 148165064603.04
636.1 147940596420.591
636.2 147449191757.197
636.3 147315905652.911
636.4 147062278131.702
636.5 147437879637.391
636.6 146927590858.127
636.7 146636519610.151
636.8 146031080880.859
636.9 145807138381.856
637 145618316465.296
637.1 145080720743.648
637.2 144798260883.606
637.3 144903564308.283
637.4 144731440960.074
637.5 145260690732.216
637.6 144256265523.907
637.7 143932168010.067
637.8 143251134774.496
637.9 143349510877.601
638 143419296553.053
638.1 143497409305.726
638.2 142502914628.693
638.3 142829382693.25
638.4 143618227854.767
638.5 143914442384.219
638.6 143187238447.883
638.7 142930862889.922
638.8 143583306796.086
638.9 144573469321.439
639 145386767707.363
639.1 145147918768.091
639.2 144820499280.606
639.3 143943595385.725
639.4 144939399766.969
639.5 145023834941.661
639.6 144995168287.304
639.7 145129865130.764
639.8 144900694076.298
639.9 144167572806.782
640 143919631278.005
640.1 143459778152.402
640.2 143127508419.939
640.3 142222736289.267
640.4 142523968049.435
640.5 142499876973.671
640.6 142917568030.765
640.7 142409305258.465
640.8 142177793214.78
640.9 141725803041.513
641 140969291075.641
641.1 140658982359.15
641.2 141335110533.416
641.3 140960072378.122
641.4 139905768189.681
641.5 139563987141.945
641.6 139860520550.016
641.7 140078765790.905
641.8 139359015032.914
641.9 139222712338.698
642 139786240448.543
642.1 140172484144.087
642.2 140966649542.446
642.3 141456053855.27
642.4 141315223290.135
642.5 140958520432.415
642.6 140910548576.626
642.7 141178363154.287
642.8 141689122815.506
642.9 141845809252.938
643 141057368787.526
643.1 141192102005.946
643.2 141808082887.454
643.3 141304057706.564
643.4 141833164209.384
643.5 142035876066.356
643.6 141725227014.559
643.7 140633693722.94
643.8 140559476799.01
643.9 140507104423.523
644 140924927073.048
644.1 140869156053.115
644.2 140700492356.945
644.3 140669204034.815
644.4 140656538475.635
644.5 141539036623.009
644.6 141289413598.923
644.7 141586615046.476
644.8 141801188498.589
644.9 142016693052.22
645 141663125753.758
645.1 141234294214.017
645.2 140644340833.675
645.3 140305239714.449
645.4 140732683018.943
645.5 140870675828.05
645.6 140756172105.397
645.7 139253442183.769
645.8 138961204510.345
645.9 138773389164.231
646 138121719460.72
646.1 138347409134.178
646.2 138545671426.731
646.3 138280375094.487
646.4 138188775289.624
646.5 138394399924.874
646.6 137236689756.679
646.7 137552607500.99
646.8 137622990749.23
646.9 138529389829.424
647 138738358715.96
647.1 138198991380.837
647.2 138401474724.016
647.3 137919354714.496
647.4 138705453522.235
647.5 138425910418.611
647.6 138259275188.242
647.7 137675297083.474
647.8 137956615818.006
647.9 137191227381.235
648 136985610372.23
648.1 137891887646.117
648.2 136699591778.204
648.3 136751068865.445
648.4 136518762571.141
648.5 138329439736.499
648.6 138227127261.069
648.7 137040191595.075
648.8 137581680336.83
648.9 137470606319.337
649 137031470617.699
649.1 137012160495.226
649.2 136989248844.654
649.3 136541442355.193
649.4 137403259992.282
649.5 137556771417.812
649.6 137359201129.025
649.7 136895264868.682
649.8 137310296610.926
649.9 137138732234.405
650 136632390092.898
650.1 136641232320.754
650.2 136676723181.617
650.3 136701123728.279
650.4 136420569062.242
650.5 136790966709.048
650.6 137022992162.628
650.7 137302576272.52
650.8 137156108937.186
650.9 136696085929.146
651 136782716526.698
651.1 136588178659.38
651.2 136380212431.984
651.3 137128844473.164
651.4 137088928020.824
651.5 136598940768.954
651.6 136834090891.688
651.7 137181220329.474
651.8 137412135684.683
651.9 137818896396.988
652 137392521872.766
652.1 136169434289.799
652.2 137050615931.437
652.3 137201856087.107
652.4 136829717047.95
652.5 136165059422.266
652.6 136232637824.5
652.7 137110280035.554
652.8 137325523165.108
652.9 137272401880.238
653 137792444326.301
653.1 137802490739.408
653.2 137438295136.044
653.3 137173700451.75
653.4 137187183505.212
653.5 137356612077.437
653.6 137466410556.1
653.7 136728794553.219
653.8 136637488171.463
653.9 136340279586.733
654 136212812864.691
654.1 136200771986.553
654.2 135974867167.401
654.3 135568369254.516
654.4 135415284338.611
654.5 135430382599.441
654.6 135700765716.959
654.7 136156347114.585
654.8 135924129017.105
654.9 135455787940.098
655 135330578978.608
655.1 135182110185.699
655.2 135272431601.703
655.3 135389433503.695
655.4 134548318519.096
655.5 134852551709.842
655.6 134557747769.994
655.7 134379520349.857
655.8 134469211810.4
655.9 134689274195.172
656 134475273092.305
656.1 134483172983.401
656.2 134013214844.185
656.3 134269664229.063
656.4 133571691203.572
656.5 135118481119.691
656.6 135262287511.118
656.7 134697654663.75
656.8 134922778586.065
656.9 134844686475.045
657 134897004953.41
657.1 133658270976.068
657.2 133897495738.622
657.3 133373350706.976
657.4 133781615198.828
657.5 134966865832.728
657.6 135013072153.875
657.7 135089056521.964
657.8 134934996475.009
657.9 134583873223.668
658 133316939644.267
658.1 133466292262.973
658.2 133776755339.939
658.3 133733999095.49
658.4 134404162964.526
658.5 134466796802.184
658.6 134725873699.031
658.7 134534193986.76
658.8 134423769143.996
658.9 134346386626.407
659 134177350833.033
659.1 134138698434.617
659.2 133267896704.608
659.3 132852485872.538
659.4 132558353275.75
659.5 133274227352.486
659.6 132939186755.528
659.7 132723033939.18
659.8 132319583417.241
659.9 131993326944.359
660 132535524361.436
---
700 119645004674.288
700.1 120001472098.292
700.2 120352218759.908
700.3 120324537146.978
700.4 119965027770.927
700.5 119966831991.72
700.6 119837651819.311
700.7 119504170842.078
700.8 119469160514.257
700.9 119454748466.173
701 118915607633.668
701.1 118596490719.703
701.2 118259405499.534
701.3 117732777254.616
701.4 117557724535.134
701.5 117488691849.846
701.6 117818010799.552
701.7 118106628415.177
701.8 118212419671.499
701.9 118684843333.015
702 119020134469.366
702.1 118956536895.033
702.2 119098959091.53
702.3 118916865994.194
702.4 118812131664.763
702.5 118611956234.642
702.6 118981088226.589
702.7 119059868963.192
702.8 118053521563.339
702.9 118013227788.036
703 117641990483.466
703.1 117699590464.377
703.2 117486497820.612
703.3 117047292277.325
703.4 116844424895.353
703.5 116767002117.842
703.6 116727603001.727
703.7 115825820951.657
703.8 115634541167.026
703.9 115372767719.09
704 115236820390.309
704.1 115788683950.848
704.2 115908304831.98
704.3 116233173434.485
704.4 116177538229.405
704.5 116384225728.894
704.6 116221606778.366
704.7 116304188721.113
704.8 116585099209.563
704.9 117219751729.935
705 117774850149.616
705.1 118038192582.786
705.2 118089507867.126
705.3 118576167822.08
705.4 118635925262.722
705.5 118379353144.232
705.6 118426244722.543
705.7 116516202612.509
705.8 116931611377.07
705.9 118216591714.016
706 118458883406.075
706.1 118252147525.567
706.2 118302465443.626
706.3 118086112366.559
706.4 117664359143.569
706.5 117748224457.023
706.6 117674393752.952
706.7 117718325859.621
706.8 117537714652.676
706.9 117781770419.907
707 118036065325.409
707.1 117906819280.118
707.2 117437266313.131
707.3 117938452659.063
707.4 118153562910.821
707.5 117569683267.79
707.6 116866118309.777
707.7 116403516083.711
707.8 116954086006.164
707.9 117177997860.938
708 116717294018.071
708.1 116289450145.104
708.2 116041113536.128
708.3 116260954337.92
708.4 116546472600.601
708.5 117000129012.35
708.6 116969237518.114
708.7 116904046011.27
708.8 116598747023.064
708.9 116331838492.279
709 116259162940.96
709.1 116115341707.334
709.2 116208018760.187
709.3 116144773453.459
709.4 115854769660.965
709.5 116157609346.544
709.6 116112280495.049
709.7 115714918021.969
709.8 115678161797.656
709.9 115888539809.546
710 115454381645.92
710.1 114831581232.501
710.2 112517457182.167
710.3 115102082075.209
710.4 115578654427.766
710.5 115585144824.31
710.6 115491843777.665
710.7 115846551969.775
710.8 116018393849.81
710.9 115800170051.005
711 115851499057.37
711.1 115823133891.561
711.2 115735873712.176
711.3 115391899751.498
711.4 115314267418.351
711.5 114763326336.27
711.6 115101960149.122
711.7 114851768058.17
711.8 114479589374.155
711.9 115050543123.523
712 115139934623.466
712.1 114964168569.43
712.2 114223664575.879
712.3 114531875449.729
712.4 114257763848.161
712.5 114467683247.072
712.6 114954507282.537
712.7 114275639761.543
712.8 114942700460.567
712.9 114310995889.747
713 114695612520.773
713.1 115538614185.044
713.2 115524207831.536
713.3 115521358916.375
713.4 114857931615.64
713.5 114667271639.791
713.6 114440641876.728
713.7 114243991187.03
713.8 114251353641.75
713.9 113546286842.065
714 111785482008.753
714.1 111497934611.482
714.2 111292852560.445
714.3 110253139019.762
714.4 111314883563.717
714.5 111440108111.68
714.6 111704351770.167
714.7 111533153831.21
714.8 111397349591.67
714.9 111179926915.665
715 111203974390.423
715.1 111460337971.539
715.2 111496107631.971
715.3 111817047456.346
715.4 111482895417.313
715.5 110967522669.952
715.6 110579208823.343
715.7 110999759635.455
715.8 110525194683.729
715.9 112355665571.643
716 111957729206.339
716.1 112531963451.574
716.2 110915672722.247
716.3 111359372324.753
716.4 111391762098.211
716.5 111721534215.835
716.6 112299368984.575
716.7 112440891589.702
716.8 111758992257.81
716.9 112270557402.94
717 112863468001.568
717.1 112252488933.319
717.2 112591347956.953
717.3 112869181719.131
717.4 112366614166.108
717.5 113292979170.431
717.6 113588961138.208
717.7 112626248324.965
717.8 112980697858.922
717.9 112394537511.844
718 111950702136.483
718.1 112401565755.743
718.2 112386582633.304
718.3 112019064915.663
718.4 111582886192.819
718.5 111444401314.904
718.6 110515810560.424
718.7 110870832078.247
718.8 111245544516.748
718.9 110824347966.481
719 110966411977.475
719.1 110896613994.004
719.2 111342369870.777
719.3 111143401606.216
719.4 111080278187.581
719.5 110177307073.564
719.6 110382506429.09
719.7 110739276646.079
719.8 111396129915.724
719.9 110319994292.873
720 111155224262.435
720.1 111261339282.574
720.2 110618700195.288
720.3 110604077491.568
720.4 110468124871.134
720.5 109802399742.151
720.6 110456212163.874
720.7 110832115471.527
720.8 110815726216.936
720.9 110429024769.091
721 109582741726.452
721.1 109200254704.167
721.2 109061937657.013
721.3 108829758417.29
721.4 108765320673.068
721.5 108280693534.165
721.6 108694235451.269
721.7 108117772984.59
721.8 107345095399.241
721.9 108016117072.397
722 107872421054.58
722.1 107683463345.163
722.2 106879485846.151
722.3 106247597651.889
722.4 105007871332.946
722.5 105642535017.021
722.6 105472407920.478
722.7 105885575223.312
722.8 107041709104.685
722.9 106853039810.466
723 107327913714.816
723.1 107193138979.927
723.2 106319195501.047
723.3 106671407031.53
723.4 106851485445.674
723.5 107503963658.088
723.6 106596557057.76
723.7 107609430903.086
723.8 106743260622.817
723.9 106047875691.822
724 106950799553.941
724.1 108406588938.734
724.2 108036062331.634
724.3 107615997655.451
724.4 107053131989.808
724.5 108417872126.55
724.6 108122610679.43
724.7 108132811015.085
724.8 106623191426.417
724.9 107137089623.778
725 107551002592.043
725.1 105991177440.883
725.2 105481572596.053
725.3 106515256355.816
725.4 106760843791.378
725.5 105759894135.645
725.6 106376093147.61
725.7 106779623972.766
725.8 106570308548.275
725.9 108771152920.869
726 108673137635.881
726.1 108562343902.582
726.2 108990795253.052
726.3 109603469858.361
726.4 108439177088.663
726.5 108147033019.573
726.6 107009746519.275
726.7 104999080655.802
726.8 105274865726.514
726.9 107160504002.884
727 106719996389.854
727.1 107057995690.969
727.2 106766300130.945
727.3 105871088854.62
727.4 105208875439.646
727.5 105721128061.47
727.6 105648157927.993
727.7 105625846961.647
727.8 105546084746.323
727.9 105492795533.382
728 105137963135.759
728.1 105428286094.918
728.2 104769319014.032
728.3 104529735313.215
728.4 104763244642.803
728.5 105472366870.498
728.6 106319709722.929
728.7 106068689036.632
728.8 105863879075.046
728.9 106778392267.445
729 106758458660.607
729.1 107186288225.942
729.2 107519661061.672
729.3 108009562735.09
729.4 108080059247.754
729.5 108049516882.06
729.6 108013925086.335
729.7 107752568148.939
729.8 107857660223.759
729.9 107859789607.217
730 107941915644.698
---
770 97841569931.2662
770.1 101289047691.11
770.2 101460354858.776
770.3 101023632143.359
770.4 100931875449.577
770.5 100709808602.742
770.6 100992957797.411
770.7 101181131941.628
770.8 101103535267.561
770.9 101252426177.138
771 101636866806.214
771.1 101786688592.912
771.2 102149361837.423
771.3 102094816649.532
771.4 101697673177.359
771.5 101713927332.856
771.6 102125366060.896
771.7 101496563530.011
771.8 101733519360.749
771.9 101414049869.193
772 101542592969.048
772.1 101474906505.693
772.2 101441213662.961
772.3 101415637585.909
772.4 101317489976.491
772.5 101118335262.84
772.6 101156174633.492
772.7 101064389624.068
772.8 101242472486.14
772.9 101205246286.862
773 101398337672.068
773.1 101541051598.284
773.2 101483909298.112
773.3 100931319098.578
773.4 100985848118.077
773.5 100872945359.664
773.6 100938678431.026
773.7 99913154753.6017
773.8 100032046911.72
773.9 100085097661.357
774 100031349585.506
774.1 100120067496.668
774.2 100221683727.844
774.3 99784156359.3566
774.4 100246834995.716
774.5 100091959078.101
774.6 100155979822.1
774.7 100191452014.7
774.8 100859215155.546
774.9 101135794606.594
775 101190998822.31
775.1 101226549178.47
775.2 101533362100.959
775.3 101336102160.495
775.4 101484910649.596
775.5 101260139563.215
775.6 101284863421.004
775.7 101140710801.756
775.8 100724776904.835
775.9 100911979268.392
776 100993388039.406
776.1 100763718613.276
776.2 100911308835.887
776.3 100598512537.684
776.4 101073344486.225
776.5 101185603003.477
776.6 101166775162.179
776.7 101300247342.275
776.8 101187453599.216
776.9 101289733093.148
777 101398889173.46
777.1 101266534503.24
777.2 100978339076.458
777.3 100972712066.123
777.4 100913135173.526
777.5 100922370956.501
777.6 100781884609.405
777.7 100823111637.331
777.8 100778685989.996
777.9 100187714454.083
778 100289779729.68
778.1 100138851372.214
778.2 99684068527.4041
778.3 100309587307.26
778.4 100385577450.783
778.5 100361110859.378
778.6 100208610093.616
778.7 100241885594.132
778.8 100342781338.81
778.9 99866604317.5013
779 99917300954.4111
779.1 99938265797.2481
779.2 99859166108.6593
779.3 100266591788.809
779.4 100439596295.338
779.5 100737277082.409
779.6 100888690111.903
779.7 100629230472.098
779.8 100828257861.967
779.9 100779671449.114
780 100591104795.213
780.1 100545109124.15
780.2 100381976252.149
780.3 100261810058.989
780.4 100022216455.908
780.5 99915043080.8832
780.6 99957382062.6044
780.7 100005385009.873
780.8 99918230782.1103
780.9 100173327986.959
781 100133780663.477
781.1 100260658372.067
781.2 99350395092.5575
781.3 99763365387.3615
781.4 99801396647.7316
781.5 99487390779.3952
781.6 99679006369.1031
781.7 99629779289.0162
781.8 99508482840.9804
781.9 99580965452.1308
782 99446873367.3851
782.1 99502825385.8693
782.2 99436939408.2475
782.3 99121951528.8389
782.4 99292196926.454
782.5 99291022488.192
782.6 99362553988.1781
782.7 99457780775.0593
782.8 99127293544.1428
782.9 99234813730.4932
783 98825902335.6666
783.1 99105908714.8262
783.2 99236858910.2825
783.3 98845499994.1531
783.4 98879000486.7322
783.5 98842832632.7041
783.6 98888335902.6152
783.7 98993341539.1094
783.8 98814157096.5007
783.9 98250271657.3545
784 98247200004.7109
784.1 98184923577.9813
784.2 98498755135.1654
784.3 98374759482.5381
784.4 98414204146.5651
784.5 96977847265.6211
784.6 95899426378.483
784.7 98408817640.4876
784.8 98751580962.6881
784.9 98771576722.5319
785 98203994553.2111
785.1 98217647463.9852
785.2 98174231878.4768
785.3 98060755476.6379
785.4 98345841384.2343
785.5 98240119478.429
785.6 97984529371.9248
785.7 98101535159.1662
785.8 98101419307.367
785.9 95598013311.1059
786 91646636872.2479
786.1 91779695794.0464
786.2 91855907058.9757
786.3 91813269346.6935
786.4 91832129700.2639
786.5 91887130833.915
786.6 91926706614.0091
786.7 92082810386.0861
786.8 91990048816.465
786.9 92095090448.4112
787 91754520406.2488
787.1 91637891542.3596
787.2 91757288163.8251
787.3 91591816737.7619
787.4 91578122481.3898
787.5 91749568459.4585
787.6 91887856758.6183
787.7 92343817869.0784
787.8 92324407715.2883
787.9 93137181794.025
788 93248127671.9114
788.1 93307031049.6695
788.2 93219149888.4895
788.3 93303555317.425
788.4 93257485712.5579
788.5 93153952931.3853
788.6 92873341898.1994
788.7 92754535488.8112
788.8 92591942686.0088
788.9 92622362279.2446
789 92390625748.5221
789.1 92438060908.1002
789.2 92316190473.5087
789.3 92209167709.3812
789.4 92066461827.3093
789.5 92343654206.2812
789.6 99279199824.201
789.7 99382551112.9088
789.8 99209588429.1802
789.9 98977132723.4992
790 98960873815.0131
790.1 98995765993.3462
790.2 99461664534.8922
790.3 99086240451.0922
790.4 99248523372.4206
790.5 98605740226.2552
790.6 98751216758.86
790.7 98825533652.9704
790.8 98229235460.6356
790.9 98497955426.8953
791 98590380258.3286
791.1 98403365618.9606
791.2 98883939267.3789
791.3 98944715512.6997
791.4 99041523756.589
791.5 99018133018.4015
791.6 99076086361.3896
791.7 99073688877.6618
791.8 98999945792.9705
791.9 98909826613.6937
792 99106743974.2717
792.1 98945903892.3571
792.2 98547897267.7602
792.3 98313876553.9416
792.4 98388718756.2768
792.5 98339527416.1305
792.6 98192981404.8393
792.7 98121269049.7695
792.8 98137751134.6792
792.9 98273146095.1939
793 98155338331.5109
793.1 98224716130.015
793.2 98052981836.6459
793.3 98444689321.6746
793.4 98528294696.2793
793.5 97986618958.2117
793.6 98132174001.9077
793.7 98306510131.686
793.8 98308013020.2115
793.9 98448486037.5216
794 98468600833.7475
794.1 98359677064.6073
794.2 98761029381.7814
794.3 98521432166.2652
794.4 98502598688.3729
794.5 98276573393.4875
794.6 98020585335.9006
794.7 98110503206.9808
794.8 97533070597.9841
794.9 97790481646.5537
795 98092665800.873
795.1 98108974212.1403
795.2 98174224162.3538
795.3 98066246359.7061
795.4 97833026319.5946
795.5 98077621912.7727
795.6 97920474108.278
795.7 97983784568.5502
795.8 97875859057.0699
795.9 97987222701.3386
796 98086428012.2557
796.1 98101873292.3706
796.2 97906267426.5574
796.3 98160348733.1251
796.4 97890245593.7806
796.5 97716246909.5219
796.6 97807176538.4765
796.7 98080171656.788
796.8 98287612768.8678
796.9 98391340819.7298
797 98404108189.3043
797.1 98544960480.0768
797.2 97829226046.0184
797.3 98218071587.9013
797.4 98532480639.1766
797.5 98133411450.3179
797.6 98263321198.8432
797.7 98330342845.9248
797.8 98236136456.6444
797.9 98278688444.7644
798 98176890310.206
798.1 98237909384.8541
798.2 98246747940.9301
798.3 98273770144.6568
798.4 98087105721.8874
798.5 98033659324.9821
798.6 98142963453.1897
798.7 97959462071.8158
798.8 98035098243.0489
798.9 97632655618.1542
799 97881391531.9479
799.1 97810859478.7114
799.2 98255540717.2068
799.3 98214009641.1297
799.4 97971323131.3446
799.5 97461765683.4822
799.6 97666621316.6448
799.7 97798842749.3933
799.8 97053286535.5977
799.9 97096986900.3692
800 96270280256.4261
800.1 96427366256.9329
800.2 96445499729.39
800.3 96313057968.473
800.4 96165890567.5873
800.5 95177701120.1898
800.6 95086918924.4057
800.7 94696233276.656
800.8 94482842112.9689
800.9 94963017551.6847
801 95199683887.4799
801.1 95175658625.9153
801.2 95375102120.0877
801.3 95420090131.289
801.4 95413983309.6327
801.5 95741213795.676
801.6 95676524679.8335
801.7 94659979489.7383
801.8 94717734254.7021
801.9 95218119685.5202
802 95356727660.3693
802.1 95669206916.8012
802.2 95747952261.6881
802.3 94862883974.4807
802.4 94821365765.7704
802.5 94949144671.5036
802.6 94972469839.0474
802.7 95479233886.8103
802.8 95633713423.9407
802.9 95295708452.1965
803 95450346790.7815
803.1 95560818488.7815
803.2 95808257962.3337
803.3 95927022362.5808
803.4 95373393171.9751
803.5 95213878019.0641
803.6 95440081705.1588
803.7 95763580542.265
803.8 95953115697.4987
803.9 95718082076.6764
804 95696092521.7596
804.1 95419589560.3278
804.2 95820935871.9222
804.3 96051774218.931
804.4 96091712276.1062
804.5 96132830066.2207
804.6 96362857065.8952
804.7 96098981388.6597
804.8 96076413638.1605
804.9 95955417444.5238
805 95834410817.2742
---
845 88953476044.9334
845.1 88398136122.2319
845.2 85519914994.7013
845.3 86023308609.1512
845.4 86953203192.4895
845.5 86903643289.2268
845.6 87100454149.567
845.7 86763076029.6426
845.8 88019429455.5638
845.9 87982714596.1765
846 88268027845.5198
846.1 88285805692.4262
846.2 87909188451.6437
846.3 86797629777.977
846.4 87651960084.0522
846.5 86877810620.5894
846.6 87210927976.6282
846.7 87526661277.866
846.8 87007145912.448
846.9 86875510439.6139
847 86880110008.0615
847.1 87422343130.2895
847.2 87205554394.9078
847.3 87387738493.3158
847.4 87335345313.4738
847.5 87045783497.9321
847.6 86839285099.3699
847.7 87079240227.516
847.8 87014472140.9806
847.9 87077165791.7283
848 87242938240.5336
848.1 87265049197.4121
848.2 87362527918.7963
848.3 87194048617.6367
848.4 86743499773.5263
848.5 86440507076.5567
848.6 86229937539.8099
848.7 86693196589.0255
848.8 86314949474.3968
848.9 86257612104.946
849 86035306877.9772
849.1 86213684800.9092
849.2 86208740814.6495
849.3 86190762125.1107
849.4 86400991462.0229
849.5 85932908650.1354
849.6 86254787690.1243
849.7 86282970436.1018
849.8 86817167054.0425
849.9 86166545763.6203
850 86083914573.5658
850.1 85896197965.4141
850.2 85451429335.9738
850.3 84989894956.7527
850.4 85121550719.4954
850.5 86405804772.3819
850.6 85780088203.9327
850.7 85533441177.3674
850.8 84319978915.8866
850.9 83813846460.6565
851 83394028279.5756
851.1 83178002299.7554
851.2 82865000234.9326
851.3 83150731518.4391
851.4 83766277049.4355
851.5 84031992936.7752
851.6 83925465928.2303
851.7 84191770188.7125
851.8 84062649649.5975
851.9 84414613105.1401
852 84005004033.6672
852.1 83671570754.5796
852.2 83849034779.6406
852.3 83666201740.036
852.4 83553854681.7593
852.5 83420518970.0814
852.6 83430427790.3337
852.7 83541263883.0323
852.8 83597679719.1739
852.9 84328597871.3139
853 84179694400.4297
853.1 84513025508.6133
853.2 84119332840.945
853.3 84675914088.9982
853.4 84608323922.0538
853.5 84499205596.2576
853.6 85066331810.4438
853.7 85094198562.9095
853.8 85188386760.9211
853.9 85733335643.4505
854 86125065495.7292
854.1 85955007336.6738
854.2 85641445661.426
854.3 85912084356.1395
854.4 85898175736.7908
854.5 86361438747.2412
854.6 86136902809.0704
854.7 86270253588.5281
854.8 86786269329.5037
854.9 87597052203.0417
855 87590380339.7557
855.1 87749729543.3747
855.2 87605593981.1298
855.3 87555793790.7569
855.4 87676883855.8513
855.5 87758099783.6255
855.6 87924735562.7536
855.7 87968905597.7119
855.8 87664728742.298
855.9 87466647432.114
856 87492116550.1538
856.1 87379404789.526
856.2 87222496024.3333
856.3 87087794117.3617
856.4 87050124042.0997
856.5 86374485651.9876
856.6 86585520160.154
856.7 86648143832.7767
856.8 86256597724.1274
856.9 86507850963.3318
857 86587159785.0113
857.1 86398830737.0554
857.2 86426936241.8751
857.3 86301416516.6891
857.4 86333587135.4344
857.5 86183828087.4733
857.6 86033890316.8188
857.7 86100406853.6579
857.8 85914659251.8432
857.9 85853447038.37
858 85798258514.4163
858.1 85696664089.013
858.2 85844042270.3128
858.3 85781895415.4139
858.4 85668992241.4709
858.5 85763983250.9809
858.6 85564036670.3754
858.7 85504873373.6074
858.8 85398311238.5358
858.9 85570849051.9824
859 85596373823.9693
859.1 85728706562.6635
859.2 86029440530.0553
859.3 86289519163.9504
859.4 86153945058.2818
859.5 85953393741.339
859.6 85881301566.1129
859.7 86345105254.0502
859.8 86402020730.8087
859.9 86023298758.5502
860 86288857819.5795
860.1 86187902190.0542
860.2 85700480357.9125
860.3 85955688985.6427
860.4 86070744555.2934
860.5 85648941182.4961
860.6 85678794453.2007
860.7 85597059952.6733
860.8 85355979036.3846
860.9 85191518789.3916
861 85068789024.2374
861.1 85275595347.879
861.2 85288811167.7574
861.3 85436354220.3501
861.4 85991871829.4739
861.5 85961045967.1422
861.6 86001363188.9775
861.7 85783741670.3903
861.8 85848688296.776
861.9 85724029413.2534
862 85653060611.5232
862.1 85639540583.8615
862.2 85768208999.0439
862.3 85414768901.3648
862.4 85641718740.7144
862.5 85505390631.5251
862.6 85122297760.2162
862.7 85266145404.3407
862.8 85122746107.6491
862.9 84819381012.2714
863 84987238094.8664
863.1 84983729632.4867
863.2 84726916586.0866
863.3 84893192572.1143
863.4 84658369038.9942
863.5 85231227475.6083
863.6 85371033177.5265
863.7 85542766114.4522
863.8 85253598054.0819
863.9 85399151309.9526
864 85637010385.8054
864.1 85669107302.8559
864.2 85455631915.1317
864.3 85118319565.5549
864.4 85260683741.0441
864.5 85307322494.1775
864.6 85397716678.3801
864.7 85118506344.5001
864.8 85306215125.4452
864.9 85118765930.5176
865 84952865014.6651
865.1 85102348293.6929
865.2 85103809608.7802
865.3 84992675960.2278
865.4 84973487578.2058
865.5 85222322709.6244
865.6 85016211131.3768
865.7 85177906767.0738
865.8 85084697237.5994
865.9 85184043508.4435
866 84984455604.5995
866.1 84880780936.5822
866.2 84802920492.9789
866.3 84745402339.107
866.4 84966002965.861
866.5 84812270569.8923
866.6 84829394418.1188
866.7 84595504993.2936
866.8 84774280537.3878
866.9 84854756728.7237
867 84827896180.6091
867.1 84722213205.8159
867.2 84702628366.5033
867.3 84425735823.294
867.4 84486494901.7847
867.5 84621910349.0769
867.6 84590282063.8085
867.7 84798024561.9961
867.8 84637926837.4472
867.9 84157223391.1433
868 84410182229.8339
868.1 84358550693.566
868.2 84168223662.6911
868.3 84223502638.4911
868.4 83972539472.4538
868.5 83857072582.0915
868.6 83668115511.3856
868.7 83473084828.0118
868.8 83391578039.7217
868.9 83276275854.5284
869 83331942282.1038
869.1 83328171225.1443
869.2 83428626236.7625
869.3 83358353820.6822
869.4 83659323709.0167
869.5 83517579002.0176
869.6 83486293521.9879
869.7 83380806989.7073
869.8 83336739091.4702
869.9 83401232020.9446
870 83258080664.5839
870.1 83309089001.2214
870.2 83258687826.9582
870.3 83050545629.3025
870.4 82913678079.9464
870.5 83021966214.0238
870.6 82649156536.8285
870.7 82731223966.2339
870.8 82770483576.0064
870.9 82905481776.0037
871 82794091054.8875
871.1 82697577557.0453
871.2 82332188153.7884
871.3 82388017519.487
871.4 82403750033.3162
871.5 82326572607.9617
871.6 82317298169.4756
871.7 82462410676.2292
871.8 82622197000.4399
871.9 82586753087.2015
872 82741528154.364
872.1 82598676107.7814
872.2 82553974581.0266
872.3 82662918430.6875
872.4 82816645640.2322
872.5 82931886837.2224
872.6 82979117804.8217
872.7 83203414242.4065
872.8 83115060809.5573
872.9 82918561288.1401
873 83269797509.7224
873.1 83561535891.5869
873.2 83052726178.3286
873.3 82959715713.9357
873.4 82827145529.515
873.5 82953505508.3875
873.6 82897277691.6436
873.7 82731823316.7639
873.8 82775309474.2021
873.9 82885925534.3307
874 82903986369.1597
874.1 82847056941.8345
874.2 82663101980.4228
874.3 82750381033.103
874.4 82814414051.9731
874.5 82834415589.4238
874.6 82641453699.2264
874.7 82450004737.0216
874.8 82313661584.42
874.9 82320176155.6423
875 82364375017.5636
---
925 71024262739.2657
925.1 71449238461.0227
925.2 71540439741.4405
925.3 71635679186.0629
925.4 71787539133.4529
925.5 71721149392.9908
925.6 71736851122.5333
925.7 71589723780.5516
925.8 71178867168.6597
925.9 71166805673.6115
926 71122047580.8425
926.1 71140787122.3862
926.2 71150786121.5728
926.3 71171142860.4809
926.4 71109122680.9269
926.5 71118246256.4167
926.6 71043389604.778
926.7 71104808243.8392
926.8 71087407007.1043
926.9 70993155806.7802
927 71043489726.1354
927.1 71216272696.6577
927.2 71245323424.3383
927.3 71217283667.9544
927.4 71200542582.3432
927.5 71158043483.2251
927.6 70765974535.5391
927.7 70852598474.1147
927.8 71061562971.6792
927.9 71434700778.7944
928 71451145008.1815
928.1 71527759731.313
928.2 71362641253.8202
928.3 71002735129.4441
928.4 71120950476.3185
928.5 71157042774.6584
928.6 70662277668.6036
928.7 70740030392.5933
928.8 70666112767.2682
928.9 70627220358.9731
929 70579655922.235
929.1 70545245658.432
929.2 70465554240.8845
929.3 70493245809.0191
929.4 70359083618.743
929.5 70250901290.8391
929.6 70312884916.2268
929.7 70552663507.4756
929.8 70594834061.7034
929.9 70527913923.545
930 70793600196.1463
930.1 71009089695.3011
930.2 71111284918.7738
930.3 71203814828.6033
930.4 71191091855.211
930.5 71091538341.0479
930.6 71276728276.5358
930.7 71013699858.8615
930.8 71204753675.5318
930.9 71038930707.444
931 70872836078.2312
931.1 70709706999.1268
931.2 70903390593.7224
931.3 70728551770.8664
931.4 70713164022.4023
931.5 70491919528.7882
931.6 70388101381.5745
931.7 70205717567.8492
931.8 70292701141.2947
931.9 70096767111.833
932 70051974107.9087
932.1 69917795589.1527
932.2 69696242888.9868
932.3 69791296021.9307
932.4 69891819120.8596
932.5 69825380104.5119
932.6 69844262819.1252
932.7 69709747572.5321
932.8 69695712502.1399
932.9 69619394252.7571
933 69616999266.7231
933.1 69743779451.7004
933.2 69687270489.721
933.3 69573166201.2526
933.4 69381126670.0669
933.5 69290799621.8243
933.6 69480492855.8587
933.7 69608140846.5066
933.8 69682542549.4894
933.9 69734138298.6249
934 69686271675.436
934.1 69760028486.2061
934.2 69838239636.5229
934.3 69728983524.1928
934.4 69754324540.8939
934.5 69689183997.3081
934.6 69536631771.6896
934.7 69663193249.653
934.8 69543002440.2376
934.9 69272709549.4067
935 69356633909.3477
935.1 69232139009.4417
935.2 69226274951.9576
935.3 69257474831.2792
935.4 69235047847.6431
935.5 69346138220.8125
935.6 69410974901.2579
935.7 69510790234.2395
935.8 69441200472.7862
935.9 69438702803.4892
936 69405416870.9603
936.1 69269879892.0419
936.2 69297242310.524
936.3 69340134936.7169
936.4 69234113665.2542
936.5 69328080683.3801
936.6 69303138905.5169
936.7 69152062601.4845
936.8 69048854140.98
936.9 68885787964.6252
937 68931089572.0601
937.1 68828044153.6712
937.2 68961639827.2673
937.3 69262980668.9749
937.4 69297437557.0808
937.5 69140723287.5905
937.6 68885264330.7139
937.7 68967816406.1965
937.8 69025827186.9103
937.9 68957756889.3857
938 68743982390.1109
938.1 68605063594.6671
938.2 68731068572.0561
938.3 68803106945.0587
938.4 69009308818.6402
938.5 68918813238.7117
938.6 68754763391.606
938.7 68821396826.5849
938.8 68811049625.1836
938.9 68749152085.4513
939 68819978271.1879
939.1 69025209813.3999
939.2 68974927666.6286
939.3 68875960880.6964
939.4 68844897786.5262
939.5 69007556787.9935
939.6 69027445996.8539
939.7 69146240854.5657
939.8 68984771674.8147
939.9 69085254537.2832
940 69077538586.4702
940.1 68862776929.9505
940.2 68935933749.6327
940.3 68925699219.2205
940.4 68823009700.8205
940.5 68848165239.7978
940.6 68795573145.0035
940.7 68794634256.2351
940.8 68686343019.1852
940.9 68525056734.1928
941 68746736939.2772
941.1 68804479209.0423
941.2 68718960356.866
941.3 68666622326.0229
941.4 68575022610.7616
941.5 68694856529.1827
941.6 68691231990.719
941.7 68760190431.9895
941.8 68736470746.8389
941.9 68859021320.2175
942 68745403526.2966
942.1 68469205820.3377
942.2 68403895114.9998
942.3 68421359259.6553
942.4 68332198908.1106
942.5 68529376227.5743
942.6 68614861349.8763
942.7 68715249213.492
942.8 68494893278.4121
942.9 68435472509.6433
943 68307438845.3984
943.1 68219387486.8312
943.2 68064433245.8803
943.3 68013212146.8633
943.4 67957700873.274
943.5 67980350887.5109
943.6 67794275158.6035
943.7 67970756845.5385
943.8 68009098631.6439
943.9 67679352527.6689
944 67755006732.7864
944.1 67719416966.4781
944.2 67488458919.7389
944.3 67464454409.7032
944.4 67440318835.8882
944.5 67308547752.3676
944.6 67301628052.6333
944.7 67374134811.7921
944.8 67400374991.023
944.9 67188682032.6693
945 67224223718.3223
945.1 67278017996.2108
945.2 67245746680.0268
945.3 67198203966.0005
945.4 67211481055.1841
945.5 66938726882.0285
945.6 66898344417.622
945.7 66807999004.0745
945.8 66720027973.9506
945.9 66613728193.8479
946 66551288433.9021
946.1 66491548202.9473
946.2 66408994819.5124
946.3 66225460822.4907
946.4 66198203388.6705
946.5 66060498115.1946
946.6 65933211831.275
946.7 66185090540.599
946.8 66308984654.6196
946.9 66179502380.975
947 66042497908.5555
947.1 65932551970.859
947.2 65920921081.2533
947.3 65946169282.1072
947.4 65961318327.5223
947.5 65628752433.5015
947.6 65367230583.0496
947.7 65463635432.9228
947.8 65437213835.4165
947.9 65246115852.3359
948 65262473263.4299
948.1 65171290580.0557
948.2 64986996838.3626
948.3 64882354068.9462
948.4 64785845564.5516
948.5 64756761308.5732
948.6 64872905411.7824
948.7 64853433254.8123
948.8 64575652455.6622
948.9 64338443005.7717
949 64431984679.8476
949.1 64374851628.2584
949.2 64257286775.4827
949.3 64276717839.3163
949.4 64235696743.3859
949.5 64318661878.9198
949.6 64238171577.611
949.7 64316754703.711
949.8 64244073459.6424
949.9 64306868384.6432
950 64569383245.4817
950.1 64703804484.3864
950.2 64557052806.5824
950.3 64703279565.1222
950.4 64774368021.0522
950.5 64861010557.8057
950.6 64978747618.8449
950.7 65041897160.6806
950.8 64988082790.6988
950.9 64626088455.479
951 64812900642.6903
951.1 64869604581.773
951.2 64954636732.9712
951.3 65166508308.6716
951.4 65210144440.6079
951.5 65087851358.2653
951.6 65260054264.5503
951.7 65331345436.9887
951.8 64808620832.0945
951.9 64850502289.6314
952 64770932182.0792
952.1 64590959613.4999
952.2 64648824639.3289
952.3 64570513278.8196
952.4 64604523738.0588
952.5 64525999738.7429
952.6 64525621888.6199
952.7 64448866232.6617
952.8 64255981362.4035
952.9 64322635260.9811
953 64338141861.0661
953.1 64367625063.1182
953.2 64487147492.2018
953.3 64477892037.0743
953.4 64186905520.7116
953.5 64691988943.5058
953.6 64810176411.8496
953.7 64736531382.8848
953.8 64651933636.7709
953.9 64693960273.4539
954 64737345555.1915
954.1 64663570036.5251
954.2 64776056136.5063
954.3 64696972910.948
954.4 64729996630.3831
954.5 64390120185.0758
954.6 64509514770.0467
954.7 64382522275.8625
954.8 64051282852.6408
954.9 64108447630.9286
955 64142838304.9378
---
1005 55189891485.1512
1005.1 55247439295.3098
1005.2 55305000429.7491
1005.3 55194989130.8024
1005.4 54994578159.3765
1005.5 54907499040.7053
1005.6 55334745840.9096
1005.7 55091722393.3957
1005.8 55137358629.7069
1005.9 55075044442.6454
1006 54836458664.6
1006.1 54842386718.7869
1006.2 54848743018.7979
1006.3 54900425589.6524
1006.4 54854744956.0542
1006.5 54793946274.1179
1006.6 54745777343.1386
1006.7 54609710344.9546
1006.8 54668842138.6443
1006.9 54606358602.4741
1007 54640294923.5854
1007.1 54804912788.3626
1007.2 54846417224.5007
1007.3 54791389539.3016
1007.4 54665593318.791
1007.5 54609589780.0209
1007.6 54560345875.3081
1007.7 54511518150.961
1007.8 54516772199.1393
1007.9 54489534132.646
1008 54521956349.4408
1008.1 54117160409.7094
1008.2 54054133343.573
1008.3 54029603819.5684
1008.4 53886094903.7991
1008.5 53843135606.6353
1008.6 53835695502.6287
1008.7 53725849241.553
1008.8 53653632335.8615
1008.9 53610820674.4454
1009 53524043854.2771
1009.1 53555188207.9875
1009.2 53649231006.1505
1009.3 53575358593.5378
1009.4 53779540038.8416
1009.5 53717352251.1486
1009.6 53664773122.1468
1009.7 53662874672.1042
1009.8 53596170144.532
1009.9 53490164649.4559
1010 53549557896.9271
1010.1 53769768713.5974
1010.2 53807765354.9734
1010.3 53841624717.6167
1010.4 53799280109.6594
1010.5 53896925823.6955
1010.6 53852541188.5813
1010.7 53877078398.4381
1010.8 53871820474.6994
1010.9 53828939660.5762
1011 53914168583.6324
1011.1 53997728757.2327
1011.2 53881799201.3134
1011.3 53953343772.7024
1011.4 53849275410.3059
1011.5 53793788883.5445
1011.6 53701719140.4764
1011.7 53742492748.3597
1011.8 53800834940.2671
1011.9 53731092880.7052
1012 53618873465.6468
1012.1 53489391863.1774
1012.2 53397278104.9579
1012.3 53437461861.6959
1012.4 53378953312.2553
1012.5 53389568586.0181
1012.6 53339546371.4788
1012.7 53332094378.0606
1012.8 53225270722.3156
1012.9 53510785735.6183
1013 53462905557.3523
1013.1 53465706386.5407
1013.2 53280988074.2195
1013.3 53202551152.2196
1013.4 53220618474.5593
1013.5 53273275937.7567
1013.6 53078462621.8583
1013.7 53157375101.2319
1013.8 53079886339.0559
1013.9 53122262341.4703
1014 52995972319.2284
1014.1 53134951330.7651
1014.2 53074031888.4687
1014.3 53175992464.048
1014.4 53116787396.6442
1014.5 53124140011.3929
1014.6 53017734228.9036
1014.7 53104293773.4502
1014.8 53098441682.2682
1014.9 53080591764.5558
1015 53061012428.1135
1015.1 53039544896.7306
1015.2 53033487559.8038
1015.3 53162745652.627
1015.4 53232487369.5752
1015.5 52962182904.1375
1015.6 53054936192.279
1015.7 53094330274.0082
1015.8 53180214002.4176
1015.9 53096917460.9092
1016 53085185306.1114
1016.1 53128920297.3077
1016.2 53246004112.826
1016.3 53077329703.4231
1016.4 53081085393.771
1016.5 53027298816.6394
1016.6 53180892707.4834
1016.7 53399039545.2474
1016.8 53454230023.5754
1016.9 53468367958.1854
1017 53447923525.2528
1017.1 53395478622.0245
1017.2 53398371576.0328
1017.3 53433268438.6793
1017.4 53471201298.4009
1017.5 53561485232.2824
1017.6 53528491001.3876
1017.7 53411981313.534
1017.8 53639034192.942
1017.9 53637197923.5747
1018 53598329654.1542
1018.1 53510583881.754
1018.2 53562127535.3095
1018.3 53369957572.4983
1018.4 53022616295.9603
1018.5 53006918430.5818
1018.6 52988569821.0127
1018.7 53242577762.518
1018.8 53295281664.7044
1018.9 53356246896.3932
1019 53366492323.6224
1019.1 53321237173.1215
1019.2 53312641593.6098
1019.3 53112910488.6898
1019.4 53253475747.4539
1019.5 53132745883.1367
1019.6 53026011862.4829
1019.7 53016907516.0011
1019.8 53025059429.4317
1019.9 52710619812.0671
1020 52854014489.5641
1020.1 52830174678.9067
1020.2 52611893034.6986
1020.3 52754025215.3914
1020.4 52701580147.2369
1020.5 52357677374.7449
1020.6 52497528964.8186
1020.7 52573190969.7389
1020.8 52723437698.5628
1020.9 52687607201.7425
1021 52691297473.6573
1021.1 52464445699.2492
1021.2 52262885064.4455
1021.3 52293090601.2856
1021.4 52308295241.7059
1021.5 52201336193.9726
1021.6 52109553119.748
1021.7 51992098144.1488
1021.8 51975489150.9231
1021.9 51767396380.9385
1022 51905162117.5716
1022.1 52029650814.7942
1022.2 52128895088.5195
1022.3 52173389065.0339
1022.4 52205347918.1652
1022.5 52135733319.6824
1022.6 52195345760.9198
1022.7 52226593117.5442
1022.8 52358962883.3535
1022.9 52364959610.0781
1023 52419647016.9921
1023.1 52322131675.4827
1023.2 52262388577.9091
1023.3 52193397185.6702
1023.4 52163711825.1749
1023.5 51945920308.0391
1023.6 51961401315.9697
1023.7 51915184333.5454
1023.8 51968484343.499
1023.9 51797238189.6367
1024 51786811191.2705
1024.1 51740630874.5025
1024.2 51664789051.544
1024.3 51617275051.2544
1024.4 51613961560.0808
1024.5 51656560607.0538
1024.6 51603357548.1853
1024.7 51471026823.3611
1024.8 51542293751.7584
1024.9 51488185401.6627
1025 51374997774.3757
1025.1 51383858706.5649
1025.2 51461988484.7522
1025.3 51282975335.3669
1025.4 51253733331.8267
1025.5 51229645510.1054
1025.6 51290760349.6578
1025.7 51140228905.6553
1025.8 51086257673.4066
1025.9 51163980145.6833
1026 51245896574.4186
1026.1 51138553431.2918
1026.2 51264626346.0346
1026.3 51316815232.8735
1026.4 51469368680.4147
1026.5 51609191287.2902
1026.6 51687579913.7907
1026.7 51610795289.3299
1026.8 51435676213.1429
1026.9 51221499288.8057
1027 50987234391.818
1027.1 51119350973.2218
1027.2 51208972830.4007
1027.3 51139206835.6301
1027.4 50985678039.0345
1027.5 50950159282.4907
1027.6 51019266771.1491
1027.7 50908724536.6458
1027.8 50905734971.0771
1027.9 50835153103.6047
1028 50909097930.5343
1028.1 50934873463.8263
1028.2 51004904747.2915
1028.3 50230166468.0365
1028.4 50938616062.7316
1028.5 50971858013.5314
1028.6 50964281157.6798
1028.7 50891948096.2707
1028.8 50783584042.2473
1028.9 50816555402.618
1029 50742922428.6445
1029.1 50783766968.9924
1029.2 50765639143.4715
1029.3 50773067980.3852
1029.4 50694885396.6686
1029.5 50676815238.9354
1029.6 50551190819.6506
1029.7 50553764405.1966
1029.8 50550086872.3156
1029.9 50633721001.6425
1030 50640745149.2274
1030.1 50686310075.2574
1030.2 50666538715.0256
1030.3 50646660150.1751
1030.4 50733020628.2356
1030.5 50709206033.3955
1030.6 50670463412.4671
1030.7 50565765479.8361
1030.8 50699694204.0418
1030.9 50776418571.281
1031 50658182723.0952
1031.1 50644413709.1032
1031.2 50562130331.6475
1031.3 50428332396.8139
1031.4 50527853418.4943
1031.5 50567579212.6427
1031.6 50490303088.1426
1031.7 50492798609.4421
1031.8 50456255285.7987
1031.9 50451626716.0046
1032 50357057537.498
1032.1 50119498781.6182
1032.2 49651661490.1023
1032.3 49616039941.1937
1032.4 49040162151.1314
1032.5 49265589499.5318
1032.6 49326872594.7972
1032.7 48862121919.7258
1032.8 48639173647.4166
1032.9 48978102196.1384
1033 48578652618.6352
1033.1 48370355771.4937
1033.2 48225472637.8029
1033.3 48380052451.2755
1033.4 48623712109.3735
1033.5 48610405430.6063
1033.6 48506620114.411
1033.7 48904364499.3911
1033.8 48951505061.4942
1033.9 48721666042.5184
1034 48930687007.025
1034.1 49119506866.9566
1034.2 49183063703.1697
1034.3 49269949245.7045
1034.4 49210722724.2582
1034.5 49537793991.021
1034.6 49651236756.666
1034.7 49345360349.8589
1034.8 49487977523.078
1034.9 49682881663.5532
1035 49695584155.8913
1035.1 49601991001.8955
1035.2 49367992549.0829
1035.3 49508398105.6784
1035.4 49520349797.352
1035.5 49523466478.5208
1035.6 49626197435.051
1035.7 49703626147.1622
1035.8 49765336129.4753
1035.9 49795450650.6805
1036 49554757008.3631
1036.1 49422788154.2766
1036.2 49182658328.4592
1036.3 48973875944.5581
1036.4 49083981713.6189
1036.5 49116028672.8902
1036.6 48991453458.1739
1036.7 48957744398.5381
1036.8 48958627609.1704
1036.9 48946635055.0532
1037 48739867919.8075
1037.1 48854020756.1694
1037.2 49119803476.2927
1037.3 49337912445.6693
1037.4 48805142234.7715
1037.5 49135649356.1556
1037.6 49187751135.0525
1037.7 49107991309.8523
1037.8 48934936996.7504
1037.9 49067617324.6188
1038 49029474457.1887
1038.1 49059186425.6821
1038.2 49063096368.5628
1038.3 49057347434.6882
1038.4 49158586544.9479
1038.5 49126861887.9636
1038.6 49122404516.3059
1038.7 48968472128.7937
1038.8 48940928264.5367
1038.9 48824204974.593
1039 48981660099.1787
1039.1 48983395643.2512
1039.2 48972866509.3973
1039.3 49005065976.159
1039.4 49004141430.7276
1039.5 48715087806.1102
1039.6 48729669461.2778
1039.7 48471699070.6038
1039.8 48690449442.0172
1039.9 48783650733.2601
1040 48876873850.6605
