1 0.357389845920139
2 0.285991733940972
3 0.383720141059028
4 0.352798754340278
5 0.493040236545139
6 0.357933628472222
7 0.455702291666667
8 0.336217048611111
9 0.375330655381944
10 0.389183248697917
11 0.407312995876736
12 0.397058899739583
13 0.346300110677083
14 0.393949524739583
15 0.376041104600694
16 0.394235549045139
17 0.368815274522569
18 0.300608758680556
19 0.36974412109375
20 0.307630894097222
21 0.381413825954861
22 0.348236905381944
23 0.310110603298611
24 0.349823439670139
25 0.415591072048611
26 0.404004185112847
27 0.36078025390625
28 0.411613912760417
29 0.285090421006944
30 0.358675707465278
31 0.298563294270833
32 0.286963576388889
33 0.33136765625
34 0.379862366536458
35 0.376318502604167
36 0.26025779296875
37 0.395340502387153
38 0.38136130859375
39 0.345240757378472
40 0.349666755642361
41 0.395822788628472
42 0.384462084418403
43 0.372644728732639
44 0.387573548177083
45 0.363682217881944
46 0.372510641276042
47 0.326891256510417
48 0.389549676649306
49 0.331963196614583
50 0.426432814670139
51 0.34335056640625
52 0.350697788628472
53 0.417572842881944
54 0.377965095486111
55 0.350851895616319
56 0.302386916232639
57 0.334913988715278
58 0.332330546875
59 0.32850486328125
60 0.281535326605903
61 0.407597256944444
62 0.372192553168403
63 0.375772387152778
64 0.379494772135417
65 0.368655036892361
66 0.335065681423611
67 0.421878778211806
68 0.286035679253472
69 0.399037523871528
70 0.316480042317708
71 0.306102709418403
72 0.297750116102431
73 0.344630541449653
74 0.413568882378472
75 0.303395895182292
76 0.296064704861111
77 0.380240865885417
78 0.400790751953125
79 0.36361912109375
80 0.406585700954861
81 0.365686720920139
82 0.335651618923611
83 0.380306892361111
84 0.228174025607639
85 0.37912302734375
86 0.325306892361111
87 0.301486851128472
88 0.292822734375
89 0.316457879774306
90 0.323924486762153
91 0.403946161024306
92 0.367888218315972
93 0.437649340277778
94 0.31640818359375
95 0.450859192708333
96 0.375610386284722
97 0.372299975043403
98 0.324699741753472
99 0.425698955078125
100 0.406224318576389
101 0.361273038194444
102 0.378286303168403
103 0.320650045572917
104 0.290903138020833
105 0.381486145833333
106 0.386674188368056
107 0.335151049262153
108 0.294961189236111
109 0.356174839409722
110 0.346296394314236
111 0.400997132161458
112 0.399239455295139
113 0.328368171657986
114 0.347553989800347
115 0.440063131510417
116 0.358601271701389
117 0.408129809027778
118 0.377128289930556
119 0.344731642795139
120 0.335383715277778
121 0.305548293185764
122 0.347059388020833
123 0.370401510416667
124 0.339967970920139
125 0.372342374131944
126 0.384716885850694
127 0.33676169921875
128 0.35625681640625
129 0.350672099609375
130 0.288805454644097
131 0.381743117404514
132 0.23019138671875
133 0.330108297526042
134 0.324359898003472
135 0.336083178168403
136 0.334204895833333
137 0.430804125434028
138 0.307009122178819
139 0.35592576171875
140 0.364683791232639
141 0.406912469618056
142 0.329927090928819
143 0.339720168185764
144 0.255748949652778
145 0.3010502734375
146 0.281468676215278
147 0.347631979166667
148 0.359472311197917
149 0.457692960069444
150 0.315622918836806
151 0.276888760850694
152 0.21078904296875
153 0.325850023871528
154 0.331267233072917
155 0.342762947048611
156 0.350218757595486
157 0.380489401041667
158 0.397742222222222
159 0.362139004991319
160 0.250249356553819
161 0.312073059895833
162 0.308931078559028
163 0.367420797526042
164 0.299740648871528
165 0.345800056423611
166 0.378486227213542
167 0.299036628689236
168 0.250701233723958
169 0.369625143229167
170 0.348543491753472
171 0.311677741970486
172 0.305532586805556
173 0.375411655815972
174 0.395244555121528
175 0.374708178168403
176 0.341450447048611
177 0.392491652560764
178 0.372923998480903
179 0.260432326388889
180 0.324390659722222
181 0.332776998697917
182 0.316779602864583
183 0.349559116753472
184 0.361111010199653
185 0.317969001736111
186 0.422020596788194
187 0.343955167100694
188 0.369573656684028
189 0.375441712239583
190 0.340628805338542
191 0.335390171440972
192 0.321781447482639
193 0.400811178385417
194 0.266316034071181
195 0.341130405815972
196 0.376136156684028
197 0.351283292100694
198 0.288063023003472
199 0.300910760633681
200 0.283064270833333
201 0.346054939236111
202 0.262717835286458
203 0.281121128472222
204 0.317247077907986
205 0.271650669487847
206 0.311974264322917
207 0.278639249131944
208 0.265447029079861
209 0.305802063802083
210 0.328402269965278
211 0.312348694661458
212 0.323383118489583
213 0.276174758029514
214 0.260283264973958
215 0.332381382378472
216 0.324774096137153
217 0.3539389453125
218 0.350769376085069
219 0.300990269097222
220 0.377164368489583
221 0.350433519965278
222 0.377442173394097
223 0.342681648220486
224 0.407357999131944
225 0.328028083767361
226 0.374181431206597
227 0.293413500434028
228 0.336671746961806
229 0.329910787760417
230 0.322546204427083
231 0.393666240234375
232 0.405931675347222
233 0.470212762586806
234 0.376203403862847
235 0.444653029513889
236 0.418990540364583
237 0.418751092664931
238 0.433551331380208
239 0.461321378038194
240 0.435309035373264
241 0.472888543836806
242 0.362000712890625
243 0.381260288628472
244 0.411366896701389
245 0.432714715711806
246 0.316000034722222
247 0.425394918619792
248 0.505144403211806
249 0.416539585503472
250 0.461698656684028
251 0.382735467664931
252 0.420896437717014
253 0.437223450520833
254 0.401842536892361
255 0.328207961154514
256 0.364691820746528
257 0.408328892144097
258 0.409934198133681
259 0.435266853298611
260 0.325708612196181
261 0.483827074652778
262 0.374163527560764
263 0.360642205946181
264 0.390440952690972
265 0.521546150173611
266 0.451072544487847
267 0.447007413194444
268 0.396308872612847
269 0.502229309895833
270 0.417719924045139
271 0.489145217013889
272 0.322399150390625
273 0.462587165798611
274 0.444630487196181
275 0.358911194661458
276 0.384877313368056
277 0.493328756510417
278 0.397278951822917
279 0.404918627387153
280 0.411491733940972
281 0.440527676866319
282 0.366908047960069
283 0.4568119921875
284 0.459667189670139
285 0.465778083767361
286 0.460084019097222
287 0.469574470486111
288 0.490129049479167
289 0.384703973524306
290 0.367892205946181
291 0.477068231336806
292 0.406041104600694
293 0.387676819661458
294 0.379981968315972
295 0.416390008680556
296 0.378187371961806
297 0.4593881640625
298 0.41068796875
299 0.427571161024306
300 0.429585511067708
301 0.432440328776042
302 0.448473233506944
303 0.513860928819444
304 0.431029982638889
305 0.44321140625
306 0.425586731770833
307 0.325086080729167
308 0.377527269965278
309 0.392910028211806
310 0.398409892578125
311 0.513472582465278
312 0.456298862847222
313 0.378919115668403
314 0.501116571180556
315 0.504581686197917
316 0.402096931423611
317 0.424988994140625
318 0.465978279079861
319 0.478731588541667
320 0.489036547309028
321 0.473513815104167
322 0.448862068142361
323 0.506926575520833
324 0.383295092230903
325 0.420773526475694
326 0.402978062065972
327 0.372061286892361
328 0.40582517578125
329 0.5176733203125
330 0.427736200086806
331 0.451788120659722
332 0.423828702256944
333 0.4726684375
334 0.476076857638889
335 0.438447652994792
336 0.383062154947917
337 0.417043600260417
338 0.376070075954861
339 0.43428904296875
340 0.420540372178819
341 0.489826315104167
342 0.422974481336806
343 0.436417786458333
344 0.505469490017361
345 0.491327562934028
346 0.469696161024306
347 0.515082934027778
348 0.400131599392361
349 0.547605015190972
350 0.454106127387153
351 0.426081360677083
352 0.407017721354167
353 0.507253506944444
354 0.480896790364583
355 0.505038500434028
356 0.399331469184028
357 0.550270217013889
358 0.452995151909722
359 0.497310473090278
360 0.477524774305556
361 0.402028029513889
362 0.476821378038194
363 0.508367873263889
364 0.432112393663194
365 0.456690030381944
366 0.444877421875
367 0.469699361979167
368 0.431473504774306
369 0.442308682725694
370 0.503783454861111
371 0.479650533854167
372 0.338742927517361
373 0.451735521918403
374 0.421659702690972
375 0.437859409722222
376 0.450267450086806
377 0.55254783203125
378 0.464334561631944
379 0.548991733940972
380 0.429790941840278
381 0.460418980034722
382 0.500072625868056
383 0.410046421440972
384 0.390022658420139
385 0.367964498697917
386 0.447304884982639
387 0.411553582899306
388 0.38139939453125
389 0.479967374131944
390 0.288199877387153
391 0.5143002734375
392 0.376026754557292
393 0.456053637152778
394 0.450630704210069
395 0.468642504340278
396 0.466101705729167
397 0.545776510416667
398 0.475750305989583
399 0.457978550347222
400 0.402154928385417
401 0.546234952256944
402 0.437957554253472
403 0.435633823784722
404 0.443808411458333
405 0.453967862413194
406 0.439410733506944
407 0.492121671006944
408 0.412427335069444
409 0.485801684027778
410 0.426495233289931
411 0.483853387586806
412 0.363359246961806
413 0.416455980902778
414 0.492876770833333
415 0.560915399305556
416 0.499500685763889
417 0.482911872829861
418 0.489632738715278
419 0.414088196614583
420 0.435045743272569
421 0.454343513454861
422 0.497994392361111
423 0.440869256727431
424 0.468408834635417
425 0.457577834201389
426 0.482250360243056
427 0.520131219618056
428 0.434030932074653
429 0.494593350694444
430 0.422158888888889
431 0.486805047743056
432 0.445128045789931
433 0.424777269965278
434 0.441745314670139
435 0.537549513888889
436 0.436925463324653
437 0.4611059375
438 0.417109192708333
439 0.569443990885417
440 0.499956848958333
441 0.557465095486111
442 0.501349264322917
443 0.540843133680555
444 0.455345412326389
445 0.415252855902778
446 0.420636427951389
447 0.571561449652778
448 0.414399801432292
449 0.454085592447917
450 0.40893845703125
451 0.496383932291667
452 0.473326098090278
453 0.572280308159722
454 0.46683884765625
455 0.407174378255208
456 0.4587358203125
457 0.51276609375
458 0.593310364583333
459 0.49392771484375
460 0.511859735243056
461 0.486119500868056
462 0.458102465277778
463 0.421808764105903
464 0.394232972005208
465 0.423151618923611
466 0.478549513888889
467 0.50259861328125
468 0.498894186197917
469 0.470898146701389
470 0.463642287326389
471 0.521122484809028
472 0.462721985677083
473 0.436955384114583
474 0.434129700520833
475 0.476754375
476 0.541211948784722
477 0.491162686631944
478 0.501660245225694
479 0.459456740451389
480 0.472539097222222
481 0.481899665798611
482 0.43555857421875
483 0.487775859375
484 0.439166484375
485 0.545892721354167
486 0.485174134114583
487 0.563064650607639
488 0.442160706380208
489 0.510275913628472
490 0.530330167100694
491 0.476036927083333
492 0.430196215277778
493 0.413084208984375
494 0.468315138888889
495 0.495906610243056
496 0.426370043402778
497 0.543207282986111
498 0.527021519097222
499 0.543036655815972
500 0.4840053515625
501 0.5323627734375
502 0.517714661458333
503 0.513586840277778
504 0.5085903125
505 0.468379320746528
506 0.520736525607639
507 0.431628344184028
508 0.4974604296875
509 0.478177660590278
510 0.904807706163194
511 0.573519240451389
512 0.480441169704861
513 0.556654223090278
514 0.552447734375
515 0.513796258680556
516 0.536602248263889
517 0.532300815972222
518 0.416145217013889
519 0.520268589409722
520 0.436054722222222
521 0.552943068576389
522 0.472936883680556
523 0.474771844618056
524 0.469609680989583
525 0.428951722005208
526 0.540997593315972
527 0.503438131510417
528 0.4433871875
529 0.442733134765625
530 0.513165236545139
531 0.443521627604167
532 0.502588956163194
533 0.546557923177083
534 0.4636987109375
535 0.540303203125
536 0.52911765625
537 0.426981751302083
538 0.541512458767361
539 0.476198819444444
540 0.490182055121528
541 0.524342048611111
542 0.472614401041667
543 0.463903138020833
544 0.461934116753472
545 0.493344761284722
546 0.476491950954861
547 0.570240269097222
548 0.524331252170139
549 0.4724662890625
550 0.58547654296875
551 0.525099155815972
552 0.516784811197917
553 0.498419142795139
554 0.486455221354167
555 0.560179830729167
556 0.545063728298611
557 0.547338793402778
558 0.561164639756944
559 0.521962599826389
560 0.478886427951389
561 0.592889845920139
562 0.419980693359375
563 0.557367439236111
564 0.443341668836806
565 0.4624496875
566 0.451973559027778
567 0.421811259765625
568 0.494558519965278
569 0.481517938368056
570 0.430548455946181
571 0.583263055555555
572 0.48812546875
573 0.537415399305555
574 0.462524557291667
575 0.540765768229167
576 0.475811124131944
577 0.531856534288194
578 0.477952508680556
579 0.458856046006944
580 0.396968974609375
581 0.470024069010417
582 0.520115106336805
583 0.521824470486111
584 0.471327237413194
585 0.553799079861111
586 0.534842916666667
587 0.543536547309028
588 0.458930319010417
589 0.470790562065972
590 0.579952345920139
591 0.515238641493056
592 0.472318177083333
593 0.540479418402778
594 0.556958368055556
595 0.527272821180556
596 0.521862827690972
597 0.518429776475694
598 0.520357022569444
599 0.605518752170139
600 0.496769891493056
601 0.555885125868056
602 0.488175381944444
603 0.541405416666667
604 0.4603998828125
605 0.597193285590278
606 0.536502855902778
607 0.535937317708333
608 0.465529548611111
609 0.528879809027778
610 0.458367547743056
611 0.496801521267361
612 0.528012784288194
613 0.553357239583333
614 0.508021139322917
615 0.478278897569444
616 0.526213250868055
617 0.48164841796875
618 0.52957859375
619 0.461115594618056
620 0.491099644097222
621 0.499780145399306
622 0.494995694444444
623 0.559823276909722
624 0.520605774739583
625 0.537025642361111
626 0.506256002604167
627 0.5141147265625
628 0.513696323784722
629 0.596007575954861
630 0.508194696180556
631 0.524170173611111
632 0.463503072916667
633 0.590115811631944
634 0.503628615451389
635 0.602548537326389
636 0.436712925347222
637 0.549477628038194
638 0.534900750868056
639 0.486279657118056
640 0.459081197916667
641 0.557995260416667
642 0.548497701822917
643 0.478201043836806
644 0.492359192708333
645 0.544428799913194
646 0.398960077039931
647 0.441770922309028
648 0.457761536458333
649 0.560329299045139
650 0.518453213975694
651 0.505992276475694
652 0.497534431423611
653 0.564620477430556
654 0.487221551649306
655 0.585786655815972
656 0.518929505208333
657 0.576219978298611
658 0.494970303819444
659 0.506372159288194
660 0.499854201388889
661 0.475285842013889
662 0.545052063802083
663 0.582565030381944
664 0.454166321614583
665 0.5416791796875
666 0.566012838541667
667 0.541194967447917
668 0.5043432421875
669 0.529674730902778
670 0.542087816840278
671 0.515367873263889
672 0.499199578993056
673 0.487244012586806
674 0.487952237413194
675 0.526202942708333
676 0.521524557291667
677 0.458254103732639
678 0.5375893359375
679 0.525995640190972
680 0.461036276041667
681 0.617130134548611
682 0.576166864149306
683 0.614533020833333
684 0.555531067708333
685 0.568406501736111
686 0.4951967578125
687 0.546633986545139
688 0.489430915798611
689 0.465075392795139
690 0.440182082248264
691 0.608635234375
692 0.50544333984375
693 0.519786710069444
694 0.552750360243056
695 0.52752439453125
696 0.506916647135417
697 0.612001228298611
698 0.552239835069444
699 0.550435907118056
700 0.561337437065972
701 0.434683438585069
702 0.524985928819444
703 0.573119392361111
704 0.486013381076389
705 0.472278897569444
706 0.505447625868055
707 0.444975891927083
708 0.504109463975694
709 0.484844001736111
710 0.582169305555556
711 0.4875248828125
712 0.543102302517361
713 0.512983975694444
714 0.527285028211806
715 0.573882575954861
716 0.498117547743056
717 0.488066006944444
718 0.518014249131944
719 0.5152319140625
720 0.551287578125
721 0.497601922743056
722 0.5539340625
723 0.507058519965278
724 0.492142938368056
725 0.466700881076389
726 0.475736200086806
727 0.562907369791667
728 0.455212437065972
729 0.570462057291667
730 0.499256653645833
731 0.551096931423611
732 0.536470303819444
733 0.612084887152778
734 0.429365703125
735 0.541407641059028
736 0.559982510850694
737 0.512489835069444
738 0.543414856770833
739 0.539899503038194
740 0.431622213541667
741 0.537636644965278
742 0.510454787326389
743 0.5504838671875
744 0.470751011284722
745 0.520469001736111
746 0.535146085069444
747 0.49734373046875
748 0.513704733072917
749 0.563325013020833
750 0.447371019965278
751 0.554028246527778
752 0.561563511284722
753 0.579058845486111
754 0.569887296006944
755 0.529909268663194
756 0.560770271267361
757 0.520368741319444
758 0.549889520399306
759 0.547704624565972
760 0.518827725694444
761 0.556801629774305
762 0.481286384548611
763 0.567450501302083
764 0.464683194444444
765 0.526926684027778
766 0.555531610243056
767 0.481458422309028
768 0.51328416015625
769 0.516299188368056
770 0.447701369357639
771 0.525879375
772 0.4482309375
773 0.606177823350694
774 0.534064813368056
775 0.534886536458333
776 0.449221280381944
777 0.498474427083333
778 0.466812371961806
779 0.490968947482639
780 0.480599915364583
781 0.5293334765625
782 0.551235277777778
783 0.574488641493056
784 0.557405199652778
785 0.557973884548611
786 0.489594273003472
787 0.570725403645833
788 0.406054288194444
789 0.493706252170139
790 0.49864060546875
791 0.579962491319444
792 0.493311124131944
793 0.597351976996528
794 0.494044685329861
795 0.517444696180556
796 0.545068828125
797 0.382710565321181
798 0.471158237847222
799 0.5786498828125
800 0.452163961588542
801 0.470281121961806
802 0.499587654079861
803 0.550063999565972
804 0.487737556423611
805 0.485181675347222
806 0.481912198350694
807 0.498372647569444
808 0.416927172309028
809 0.537018914930556
810 0.519974210069444
811 0.583481208767361
812 0.540179830729167
813 0.456814108072917
814 0.470341397569444
815 0.565809605034722
816 0.463702508680556
817 0.487287469618056
818 0.601829787326389
819 0.578431024305555
820 0.552218893229167
821 0.537972473958333
822 0.512388706597222
823 0.47599265625
824 0.434283970269097
825 0.497561449652778
826 0.511337816840278
827 0.4613100390625
828 0.526757955729167
829 0.532290073784722
830 0.497238478732639
831 0.508546584201389
832 0.522037686631944
833 0.491553148871528
834 0.438761834852431
835 0.434865703125
836 0.463373515625
837 0.577024448784722
838 0.439928040364583
839 0.428365486111111
840 0.542415182291667
841 0.560527703993056
842 0.551015768229167
843 0.486377638888889
844 0.499303637152778
845 0.440059713541667
846 0.508805264756944
847 0.499894891493056
848 0.540032749565972
849 0.527051304253472
850 0.468258606770833
851 0.530340203993055
852 0.525107239583333
853 0.583033129340278
854 0.459962816840278
855 0.51512498046875
856 0.498221931423611
857 0.519095303819444
858 0.485884583333333
859 0.543281176215278
860 0.493888923611111
861 0.561987936197917
862 0.560545933159722
863 0.527528029513889
864 0.477039314236111
865 0.554255948350694
866 0.519687100694444
867 0.494498244357639
868 0.527653680555556
869 0.55252390625
870 0.537210755208333
871 0.50300291015625
872 0.448535896267361
873 0.505029819878472
874 0.541976271701389
875 0.485550164930556
876 0.480294251302083
877 0.5422123828125
878 0.573509366319444
879 0.558583368055556
880 0.485905362413194
881 0.528725946180556
882 0.466058465711806
883 0.485983433159722
884 0.459692146267361
885 0.623652052951389
886 0.477619826388889
887 0.573351108940972
888 0.537329353298611
889 0.542060256076389
890 0.506342699652778
891 0.606344001736111
892 0.494946595052083
893 0.502307651909722
894 0.507420553385417
895 0.488002421875
896 0.473658237847222
897 0.491727248263889
898 0.510720954861111
899 0.459419576822917
900 0.526399231770833
901 0.482994283854167
902 0.493510342881944
903 0.540080112847222
904 0.456102953559028
905 0.482466180555556
906 0.51763767578125
907 0.484717699652778
908 0.52429294921875
909 0.510363424479167
910 0.462149937065972
911 0.523908400607639
912 0.474589227430556
913 0.582657912326389
914 0.480505568576389
915 0.499519565972222
916 0.470174188368056
917 0.388546312934028
918 0.494154874131944
919 0.490972907986111
920 0.472570998263889
921 0.4666674609375
922 0.408693936631944
923 0.506191495225694
924 0.470588196614583
925 0.508853875868056
926 0.504665833333333
927 0.555216723090278
928 0.562340746527778
929 0.582549351128472
930 0.488244283854167
931 0.528516690538194
932 0.472465203993056
933 0.517215746527778
934 0.491267992621528
935 0.523411167534722
936 0.547151673177083
937 0.543867764756944
938 0.458589444444444
939 0.512493198784722
940 0.4598158984375
941 0.474828702256944
942 0.489445889756944
943 0.488969978298611
944 0.450393209635417
945 0.577940301649306
946 0.464143643663194
947 0.537025533854167
948 0.583374600694444
949 0.611133226996528
950 0.490737990451389
951 0.456433140190972
952 0.448683736979167
953 0.590799513888889
954 0.465996888020833
955 0.4984037890625
956 0.431406338975694
957 0.464260397135417
958 0.461580112847222
959 0.539950555555555
960 0.524200989583333
961 0.530445075954861
962 0.463564216579861
963 0.544195347222222
964 0.485973016493056
965 0.571996888020833
966 0.542420770399305
967 0.499497267795139
968 0.467484572482639
969 0.471309930555556
970 0.574015930989583
971 0.575714010416667
972 0.562464878472222
973 0.561601108940972
974 0.522688674045139
975 0.546976976996528
976 0.537005188802083
977 0.549907858072917
978 0.421824741753472
979 0.568212979600694
980 0.422075826822917
981 0.566933628472222
982 0.520805753038194
983 0.582236362847222
984 0.420220439453125
985 0.557605394965278
986 0.518944262152778
987 0.54698728515625
988 0.507756762152778
989 0.491167894965278
990 0.5879018359375
991 0.54927
992 0.571375143229167
993 0.527755134548611
994 0.511670607638889
995 0.552096497395833
996 0.464872484809028
997 0.563275913628472
998 0.480761102430556
999 0.4954135546875
1000 0.512167026909722
1001 0.560902432725694
1002 0.485023200954861
1003 0.517301575520833
1004 0.471524991319444
1005 0.5336674609375
1006 0.583901184895833
1007 0.593550002170139
1008 0.562841234809028
1009 0.534656176215278
1010 0.437778707682292
1011 0.507859246961806
1012 0.483828376736111
1013 0.502240377604167
1014 0.435149557291667
1015 0.427758091362847
1016 0.550816549479167
1017 0.547318828125
1018 0.578772712673611
1019 0.5912475390625
1020 0.564736905381944
1021 0.560011102430556
1022 0.720439162326389
1023 0.517195130208333
1024 0.390791430121528
1025 0.40765232421875
1026 0.341644267578125
1027 0.378797696397569
1028 0.401721931423611
1029 0.393578702256944
1030 0.431929478081597
1031 0.434188511284722
1032 0.398049947916667
1033 0.421767341579861
1034 0.412776456163194
1035 0.562303528645833
1036 0.455030416666667
1037 0.49758298828125
1038 0.424454733072917
1039 0.466783454861111
1040 0.41193015625
1041 0.415570238715278
1042 0.421701749131944
1043 0.438177769097222
1044 0.466853767361111
1045 0.503712274305556
1046 0.430387784288194
1047 0.531161493055555
1048 0.400643616536458
1049 0.421237719184028
1050 0.449518209635417
1051 0.466254592013889
1052 0.427948656684028
1053 0.483847473958333
1054 0.454726868489583
1055 0.526197625868056
1056 0.473218079427083
1057 0.454971931423611
1058 0.416494582248264
1059 0.442619745008681
1060 0.434768019748264
1061 0.420316657986111
1062 0.410165345052083
1063 0.476858650173611
1064 0.422249627821181
1065 0.541602139756944
1066 0.431852763671875
1067 0.471919034288194
1068 0.393898282335069
1069 0.440389493272569
1070 0.470513001302083
1071 0.435372701822917
1072 0.385717672526042
1073 0.434750305989583
1074 0.403304776475694
1075 0.379209751519097
1076 0.412235657552083
1077 0.453892097439236
1078 0.385916430121528
1079 0.463222094184028
1080 0.429169875217014
1081 0.4636010546875
1082 0.5212065234375
1083 0.552761807725694
1084 0.452231046006944
1085 0.477606697048611
1086 0.349876174045139
1087 0.386163934461806
1088 0.514168383246528
1089 0.502868470052083
1090 0.434703892144097
1091 0.445187263454861
1092 0.439024937065972
1093 0.4383325
1094 0.404227085503472
1095 0.462363370225694
1096 0.429091614583333
1097 0.450756056857639
1098 0.447365079210069
1099 0.410647278645833
1100 0.3163217578125
1101 0.5466010546875
1102 0.473812588975694
1103 0.515771953125
1104 0.475639140625
1105 0.501327671440972
1106 0.430138570963542
1107 0.527164639756944
1108 0.469931512586806
1109 0.495427660590278
1110 0.5619330859375
1111 0.544121725260417
1112 0.437139086371528
1113 0.482992439236111
1114 0.490314162326389
1115 0.459947137586806
1116 0.339646112196181
1117 0.502147224392361
1118 0.433567824435764
1119 0.464383064236111
1120 0.396812263454861
1121 0.518463684895833
1122 0.511353224826389
1123 0.468272658420139
1124 0.481258823784722
1125 0.540154006076389
1126 0.508311341145833
1127 0.448749383680556
1128 0.5034028125
1129 0.42856345703125
1130 0.448091044921875
1131 0.518410896267361
1132 0.376021003689236
1133 0.384027215711806
1134 0.364708530815972
1135 0.444331496310764
1136 0.443989211154514
1137 0.497227953559028
1138 0.444390035807292
1139 0.454434035373264
1140 0.434101000434028
1141 0.500269782986111
1142 0.498777975260417
1143 0.498265985243056
1144 0.480594815538194
1145 0.491744717881944
1146 0.514430373263889
1147 0.454403409288194
1148 0.463724969618056
1149 0.552883661024306
1150 0.456057868923611
1151 0.419396437717014
1152 0.4125834765625
1153 0.356480042317708
1154 0.367194153645833
1155 0.330287740885417
1156 0.382227628038194
1157 0.461765062934028
1158 0.406659539930556
1159 0.4399252734375
1160 0.469320238715278
1161 0.53067625
1162 0.494604526909722
1163 0.460309713541667
1164 0.464965638020833
1165 0.489510342881944
1166 0.409350756293403
1167 0.466315789930556
1168 0.346376499565972
1169 0.422342699652778
1170 0.369937426215278
1171 0.387573385416667
1172 0.421860440538194
1173 0.380988831380208
1174 0.385702427300347
1175 0.453592536892361
1176 0.432482619357639
1177 0.474461080729167
1178 0.451609165581597
1179 0.478886427951389
1180 0.429098504774306
1181 0.472788446180556
1182 0.428865241970486
1183 0.486866571180556
1184 0.445240675998264
1185 0.499547669270833
1186 0.472918654513889
1187 0.454988532986111
1188 0.437410299479167
1189 0.558683845486111
1190 0.514463522135417
1191 0.567208259548611
1192 0.485856697048611
1193 0.561985169270833
1194 0.502986362847222
1195 0.498067146267361
1196 0.428925544704861
1197 0.454784322916667
1198 0.482319370659722
1199 0.461979364149306
1200 0.346165616319444
1201 0.487384474826389
1202 0.419466234809028
1203 0.446776157769097
1204 0.435789504123264
1205 0.412310283203125
1206 0.444476271701389
1207 0.568432380642361
1208 0.471267124565972
1209 0.514330655381944
1210 0.513056241319444
1211 0.528090529513889
1212 0.413043573133681
1213 0.532629592013889
1214 0.528491950954861
1215 0.402254293619792
1216 0.424487339409722
1217 0.450876662326389
1218 0.471936558159722
1219 0.462586731770833
1220 0.420526863064236
1221 0.547217157118056
1222 0.49211912109375
1223 0.5524184375
1224 0.421141663411458
1225 0.505644403211805
1226 0.418070726996528
1227 0.469897007378472
1228 0.463575067274306
1229 0.437212274305556
1230 0.445124627821181
1231 0.482115865885417
1232 0.440167732204861
1233 0.504922018229167
1234 0.449671719835069
1235 0.471138381076389
1236 0.459727845052083
1237 0.461324090711806
1238 0.494493958333333
1239 0.404432380642361
1240 0.422475023871528
1241 0.469502964409722
1242 0.523958042534722
1243 0.461317092013889
1244 0.4181127734375
1245 0.536435690104167
1246 0.512687317708333
1247 0.511782152777778
1248 0.537751391059028
1249 0.544769782986111
1250 0.435831414930556
1251 0.531990269097222
1252 0.450861389973958
1253 0.503655362413194
1254 0.50841892578125
1255 0.459628832465278
1256 0.487486796875
1257 0.448788527560764
1258 0.470102139756944
1259 0.50947361328125
1260 0.403081984592014
1261 0.508002313368056
1262 0.452270868055556
1263 0.532277378472222
1264 0.417716750217014
1265 0.560498949652778
1266 0.498314813368056
1267 0.486885831163194
1268 0.484116082899306
1269 0.53875046875
1270 0.545024665798611
1271 0.554734735243056
1272 0.46823923828125
1273 0.503967699652778
1274 0.465604309895833
1275 0.408274503038194
1276 0.421460809461806
1277 0.48448630859375
1278 0.458174459635417
1279 0.504852953559028
1280 0.435777025824653
1281 0.474148472222222
1282 0.527540128038194
1283 0.503770868055555
1284 0.4966498828125
1285 0.562532261284722
1286 0.495377530381944
1287 0.459145
1288 0.550167569444444
1289 0.505904819878472
1290 0.503087220052083
1291 0.467019131944444
1292 0.456632955729167
1293 0.589636970486111
1294 0.517462654079861
1295 0.490729255642361
1296 0.515099481336806
1297 0.515955004340278
1298 0.492719978298611
1299 0.532385993923611
1300 0.483189704861111
1301 0.5288198046875
1302 0.431648472222222
1303 0.488498135850694
1304 0.470615703125
1305 0.575461297743056
1306 0.481555536024306
1307 0.498175327690972
1308 0.494110060763889
1309 0.510089064670139
1310 0.467139032118056
1311 0.483848776041667
1312 0.47293796875
1313 0.466900750868056
1314 0.504266039496528
1315 0.510056349826389
1316 0.482724427083333
1317 0.525885614149306
1318 0.555406393229167
1319 0.576713142361111
1320 0.502445998263889
1321 0.549884800347222
1322 0.551105394965278
1323 0.493332445746528
1324 0.369017016059028
1325 0.4602983203125
1326 0.427842889539931
1327 0.4899057421875
1328 0.427846388888889
1329 0.458358324652778
1330 0.479662686631944
1331 0.453032749565972
1332 0.502007630208333
1333 0.448634908854167
1334 0.497934876302083
1335 0.513479418402778
1336 0.513885451388889
1337 0.601692309027778
1338 0.471739889322917
1339 0.439070075954861
1340 0.476051467013889
1341 0.559076532118056
1342 0.476566657986111
1343 0.497772604166667
1344 0.394738044704861
1345 0.550011970486111
1346 0.4529877734375
1347 0.475514791666667
1348 0.527332608506944
1349 0.485433357204861
1350 0.501342645399306
1351 0.490762730034722
1352 0.488211460503472
1353 0.484616354166667
1354 0.570032261284722
1355 0.455460266927083
1356 0.393371996527778
1357 0.484938891059028
1358 0.466287415364583
1359 0.451580601128472
1360 0.519994772135417
1361 0.523628615451389
1362 0.536395705295139
1363 0.5432494921875
1364 0.437964932725694
1365 0.519563619791667
1366 0.444827861328125
1367 0.445954895833333
1368 0.460311937934028
1369 0.438760641276042
1370 0.48135642578125
1371 0.565084073350694
1372 0.393673700086806
1373 0.574462220052083
1374 0.498164911024306
1375 0.611107890625
1376 0.487711731770833
1377 0.496337057291667
1378 0.470921638454861
1379 0.5617436328125
1380 0.499143372395833
1381 0.533499166666667
1382 0.44507810546875
1383 0.511109626736111
1384 0.398866652560764
1385 0.538647278645833
1386 0.450554993489583
1387 0.585185581597222
1388 0.453369283854167
1389 0.549491571180555
1390 0.451515551215278
1391 0.488160516493056
1392 0.500456686197917
1393 0.540952725694444
1394 0.484290073784722
1395 0.415380053168403
1396 0.507761102430556
1397 0.546765659722222
1398 0.464647549913194
1399 0.506916050347222
1400 0.466010451388889
1401 0.498032098524306
1402 0.559808953993056
1403 0.49375095703125
1404 0.519144945746528
1405 0.551408780381944
1406 0.536154114583333
1407 0.517034322916667
1408 0.552705438368056
1409 0.552134420572917
1410 0.465958259548611
1411 0.4922905078125
1412 0.429035896267361
1413 0.443694153645833
1414 0.497983053385417
1415 0.492323168402778
1416 0.375094490017361
1417 0.542991842447917
1418 0.496724318576389
1419 0.578207879774306
1420 0.444064840494792
1421 0.506186883680556
1422 0.482994826388889
1423 0.577045933159722
1424 0.456974698350694
1425 0.587373732638889
1426 0.473685581597222
1427 0.493371779513889
1428 0.430936612413194
1429 0.504160896267361
1430 0.390151754557292
1431 0.4821869921875
1432 0.393590475260417
1433 0.468630080295139
1434 0.463688511284722
1435 0.510328539496528
1436 0.416871616753472
1437 0.49243845703125
1438 0.447402242838542
1439 0.545339932725694
1440 0.488383118489583
1441 0.497193394097222
1442 0.488571215277778
1443 0.560923537326389
1444 0.526008444010417
1445 0.540125685763889
1446 0.427312561848958
1447 0.432158888888889
1448 0.455550815972222
1449 0.492429505208333
1450 0.525940247395833
1451 0.488284105902778
1452 0.460728333333333
1453 0.514634908854167
1454 0.478934496527778
1455 0.461940030381944
1456 0.449735928819444
1457 0.593478767361111
1458 0.458602899305556
1459 0.526784865451389
1460 0.477699090711806
1461 0.556872430555555
1462 0.486163717447917
1463 0.528982131076389
1464 0.508049622395833
1465 0.555523038194444
1466 0.456103875868056
1467 0.528819533420139
1468 0.473898146701389
1469 0.548573059895833
1470 0.458890659722222
1471 0.49238474609375
1472 0.462574253472222
1473 0.541188565538194
1474 0.587681024305555
1475 0.506486145833333
1476 0.423779792751736
1477 0.542400479600694
1478 0.461438619791667
1479 0.448426575520833
1480 0.422235955946181
1481 0.487814921875
1482 0.464232076822917
1483 0.503596117621528
1484 0.5569018359375
1485 0.485908671875
1486 0.494320672743056
1487 0.517364618055556
1488 0.452375740017361
1489 0.558980611979167
1490 0.556818719618056
1491 0.507535190972222
1492 0.41423533203125
1493 0.519186449652778
1494 0.514735874565972
1495 0.428771600477431
1496 0.448090393880208
1497 0.504248949652778
1498 0.470908346354167
1499 0.518367873263889
1500 0.403405091145833
1501 0.549194967447917
1502 0.497068990885417
1503 0.501708259548611
1504 0.529924839409722
1505 0.458463793402778
1506 0.489834995659722
1507 0.434924459635417
1508 0.484965692274306
1509 0.451270379774306
1510 0.4652514453125
1511 0.455000034722222
1512 0.459254157986111
1513 0.509733107638889
1514 0.481280796440972
1515 0.470458042534722
1516 0.425199796006944
1517 0.513275588107639
1518 0.485353713107639
1519 0.553448331163194
1520 0.530358758680555
1521 0.586207825520833
1522 0.537157641059028
1523 0.491431349826389
1524 0.435667081163194
1525 0.531401293402778
1526 0.462268697916667
1527 0.443651917317708
1528 0.471681675347222
1529 0.531274123263889
1530 0.485441495225694
1531 0.592801846788194
1532 0.413440925564236
1533 0.543403463541667
1534 0.609490269097222
1535 0.755234952256944
1536 0.643200881076389
1537 0.621354635416667
1538 0.619763109809028
1539 0.663315193142361
1540 0.599162198350694
1541 0.677362610677083
1542 0.664592157118056
1543 0.63155271484375
1544 0.587072191840278
1545 0.703406284722222
1546 0.690366137152778
1547 0.735466723090278
1548 0.700437209201389
1549 0.811077291666667
1550 0.72028953125
1551 0.77411765625
1552 0.655675381944444
1553 0.720884583333333
1554 0.649906013454861
1555 0.747264357638889
1556 0.693363587239583
1557 0.653708910590278
1558 0.714275099826389
1559 0.692812371961806
1560 0.680860983072917
1561 0.704986471354167
1562 0.680600946180556
1563 0.754778355034722
1564 0.684489943576389
1565 0.714300815972222
1566 0.680203810763889
1567 0.698864455295139
1568 0.705498190104167
1569 0.744101325954861
1570 0.6698090625
1571 0.702954895833333
1572 0.655216994357639
1573 0.687633389756944
1574 0.675389249131944
1575 0.713050056423611
1576 0.713261427951389
1577 0.68555564453125
1578 0.665582065972222
1579 0.743913229166667
1580 0.654125360243056
1581 0.627663663194444
1582 0.736447408854167
1583 0.709904440104167
1584 0.577721551649306
1585 0.734967591145833
1586 0.608951098090278
1587 0.634502638888889
1588 0.653924730902778
1589 0.707168763020833
1590 0.653164368489583
1591 0.685489292534722
1592 0.638171150173611
1593 0.787739455295139
1594 0.789133389756944
1595 0.708837165798611
1596 0.807250197482639
1597 0.788445889756944
1598 0.705384908854167
1599 0.719330763888889
1600 0.565037198350694
1601 0.7082553515625
1602 0.722615594618055
1603 0.642395108506944
1604 0.674090638020833
1605 0.6616381640625
1606 0.635350837673611
1607 0.738443394097222
1608 0.638953322482639
1609 0.643847690972222
1610 0.662874112413194
1611 0.71165427734375
1612 0.698124383680556
1613 0.751407261284722
1614 0.717020542534722
1615 0.763410950520833
1616 0.634433953993055
1617 0.717382087673611
1618 0.636794631076389
1619 0.637092591145833
1620 0.626376608072917
1621 0.698211514756944
1622 0.739124220920139
1623 0.740743958333333
1624 0.683041864149306
1625 0.742888543836805
1626 0.765060798611111
1627 0.718223667534722
1628 0.747143752170139
1629 0.769836351996528
1630 0.710575284288194
1631 0.605465529513889
1632 0.720314813368055
1633 0.684131762152778
1634 0.654394457465278
1635 0.702984301215278
1636 0.653794848090278
1637 0.688010180121528
1638 0.691271627604167
1639 0.717391799045139
1640 0.676930373263889
1641 0.680280308159722
1642 0.763150425347222
1643 0.642182217881944
1644 0.632230123697917
1645 0.761757955729167
1646 0.693630622829861
1647 0.699126716579861
1648 0.7019311328125
1649 0.634458205295139
1650 0.6673510546875
1651 0.720706306423611
1652 0.641350783420139
1653 0.704651401909722
1654 0.727768372395833
1655 0.740012730034722
1656 0.635791430121528
1657 0.662139683159722
1658 0.7152621875
1659 0.659145542534722
1660 0.720863207465278
1661 0.807436341145833
1662 0.714798971354167
1663 0.646710212673611
1664 0.674559171006944
1665 0.648122593315972
1666 0.6239799609375
1667 0.67939451171875
1668 0.726333096788194
1669 0.6830737109375
1670 0.606024828559028
1671 0.701025750868056
1672 0.679783292100694
1673 0.641054396701389
1674 0.598957934027778
1675 0.699655525173611
1676 0.666151944444444
1677 0.723280959201389
1678 0.707363315972222
1679 0.775503832465278
1680 0.749451694878472
1681 0.694569370659722
1682 0.776156555989583
1683 0.755360386284722
1684 0.662926901041667
1685 0.621482022569444
1686 0.730610386284722
1687 0.665058411458333
1688 0.634994772135417
1689 0.670352465277778
1690 0.721337111545139
1691 0.660829407552083
1692 0.66219626953125
1693 0.711234572482639
1694 0.764856046006944
1695 0.702838467881944
1696 0.617940572916667
1697 0.683736742621528
1698 0.654526022135417
1699 0.713432326388889
1700 0.595286764322917
1701 0.678500414496528
1702 0.6896713671875
1703 0.747368741319444
1704 0.706507630208333
1705 0.690709236111111
1706 0.591021193576389
1707 0.743487502170139
1708 0.67664841796875
1709 0.739446215277778
1710 0.691640551215278
1711 0.762095737847222
1712 0.689853658854167
1713 0.674501987847222
1714 0.6115190234375
1715 0.686870423177083
1716 0.648690030381944
1717 0.784343567708333
1718 0.699197625868056
1719 0.668859409722222
1720 0.667578322482639
1721 0.715871128472222
1722 0.752109463975694
1723 0.722252964409722
1724 0.670762404513889
1725 0.789438131510417
1726 0.7701440234375
1727 0.745128940972222
1728 0.606332391493056
1729 0.745971117621528
1730 0.6202934375
1731 0.673268480902778
1732 0.655043817274306
1733 0.716772278645833
1734 0.650554939236111
1735 0.661658671875
1736 0.673650696614583
1737 0.798688294270833
1738 0.717583151041667
1739 0.787338630642361
1740 0.68066208984375
1741 0.665674730902778
1742 0.659328973524306
1743 0.675968133680556
1744 0.705733107638889
1745 0.729679722222222
1746 0.693855286458333
1747 0.69999314453125
1748 0.711735549045139
1749 0.699982782118056
1750 0.657925815972222
1751 0.769437751736111
1752 0.738748190104167
1753 0.701005080295139
1754 0.692219652777778
1755 0.745544305555556
1756 0.680887621527778
1757 0.760423971354167
1758 0.692300924479167
1759 0.602556566840278
1760 0.6652377734375
1761 0.751152649739583
1762 0.718086351996528
1763 0.665162686631944
1764 0.738289097222222
1765 0.604788880208333
1766 0.696442037760417
1767 0.661897170138889
1768 0.603601271701389
1769 0.731065138888889
1770 0.710830926649305
1771 0.760487013888889
1772 0.728011861979167
1773 0.709135885416667
1774 0.6887104296875
1775 0.712792786458333
1776 0.744019620225694
1777 0.772186341145833
1778 0.69518650390625
1779 0.641372322048611
1780 0.684248135850694
1781 0.73209177734375
1782 0.703698059895833
1783 0.7880776171875
1784 0.691086514756944
1785 0.752599210069444
1786 0.726954244791667
1787 0.758455112847222
1788 0.713285462239583
1789 0.699340258246528
1790 0.714608650173611
1791 0.623832879774306
1792 0.602999166666667
1793 0.630934225260417
1794 0.620095412326389
1795 0.59524412109375
1796 0.645238478732639
1797 0.706189216579861
1798 0.680960863715278
1799 0.689727573784722
1800 0.698384854600694
1801 0.703668763020833
1802 0.679010885416667
1803 0.694913012152778
1804 0.677433411458333
1805 0.755290616319444
1806 0.731393318142361
1807 0.729245911458333
1808 0.657287578125
1809 0.738356859809028
1810 0.776378778211806
1811 0.683005568576389
1812 0.687536818576389
1813 0.705834344618056
1814 0.6599721484375
1815 0.681598396267361
1816 0.579594544270833
1817 0.7452153125
1818 0.604607782118056
1819 0.698142395833333
1820 0.728072517361111
1821 0.740184876302083
1822 0.732853333333333
1823 0.708971388888889
1824 0.707766636284722
1825 0.770799025607639
1826 0.638835212673611
1827 0.717693502604167
1828 0.749230828993055
1829 0.743833042534722
1830 0.734284973958333
1831 0.765633389756944
1832 0.701786818576389
1833 0.792728441840278
1834 0.7859135546875
1835 0.730311775173611
1836 0.701948385416667
1837 0.753498895399305
1838 0.745748515625
1839 0.7568881640625
1840 0.69579099609375
1841 0.716020651041667
1842 0.742956306423611
1843 0.725792515190972
1844 0.732791864149306
1845 0.758164802517361
1846 0.76315671875
1847 0.662881545138889
1848 0.657271302083333
1849 0.736939596354167
1850 0.7543588671875
1851 0.789646302083333
1852 0.738735386284722
1853 0.799580004340278
1854 0.779776618923611
1855 0.783613967013889
1856 0.77526755859375
1857 0.730302497829861
1858 0.701368253038194
1859 0.723205655381944
1860 0.7289213671875
1861 0.796874926215278
1862 0.706871996527778
1863 0.696006328125
1864 0.713757901475694
1865 0.723893480902778
1866 0.693121399739583
1867 0.778791158854167
1868 0.560723884548611
1869 0.753344435763889
1870 0.679966506076389
1871 0.812605232204861
1872 0.711229418402778
1873 0.728561395399306
1874 0.667649123263889
1875 0.749007901475694
1876 0.711447842881944
1877 0.755759203559028
1878 0.606839227430556
1879 0.745390388454861
1880 0.699307760416667
1881 0.702080926649306
1882 0.717089173177083
1883 0.739051195746528
1884 0.6614369921875
1885 0.768860060763889
1886 0.680026022135417
1887 0.742912252604167
1888 0.654585266927083
1889 0.751412795138889
1890 0.715644674479167
1891 0.630951640625
1892 0.6935561328125
1893 0.720793491753472
1894 0.672491354166667
1895 0.681416267361111
1896 0.650144294704861
1897 0.722788174913194
1898 0.657816983506944
1899 0.733517395833333
1900 0.689120423177083
1901 0.703695618489583
1902 0.654225620659722
1903 0.692315030381944
1904 0.694130677083333
1905 0.738265225694444
1906 0.696847799479167
1907 0.667982348090278
1908 0.629768643663194
1909 0.824109626736111
1910 0.702037035590278
1911 0.724454841579861
1912 0.639916647135417
1913 0.741524448784722
1914 0.645310310329861
1915 0.717673645833333
1916 0.725622647569444
1917 0.665335646701389
1918 0.656524448784722
1919 0.588986905381944
1920 0.634548971354167
1921 0.737141148003472
1922 0.591822842881944
1923 0.631689270833333
1924 0.610594273003472
1925 0.682527649739583
1926 0.620855394965278
1927 0.6802709765625
1928 0.5696371875
1929 0.643981588541667
1930 0.708731371527778
1931 0.685870748697917
1932 0.604267178819444
1933 0.7907416796875
1934 0.652732619357639
1935 0.671777541232639
1936 0.579487339409722
1937 0.661931675347222
1938 0.641389357638889
1939 0.696699416232639
1940 0.562905959201389
1941 0.69557517578125
1942 0.710553094618055
1943 0.663106968315972
1944 0.684549188368056
1945 0.639570672743056
1946 0.642823385416667
1947 0.762144945746528
1948 0.641605828993056
1949 0.624207717013889
1950 0.638568068576389
1951 0.677215203993056
1952 0.568851271701389
1953 0.617388543836806
1954 0.691333313802083
1955 0.622145922309028
1956 0.618169305555555
1957 0.724673754340278
1958 0.630802389322917
1959 0.694006653645833
1960 0.670846009114583
1961 0.762727845052083
1962 0.703875685763889
1963 0.694120477430555
1964 0.659635017361111
1965 0.676097039930555
1966 0.677676792534722
1967 0.680358324652778
1968 0.578896519097222
1969 0.700859952256944
1970 0.702704678819444
1971 0.756763218315972
1972 0.680251391059028
1973 0.707372105034722
1974 0.655237719184028
1975 0.676112068142361
1976 0.676670173611111
1977 0.701685907118056
1978 0.717101271701389
1979 0.703419685329861
1980 0.687001662326389
1981 0.719691766493056
1982 0.654135776909722
1983 0.733542840711806
1984 0.687695998263889
1985 0.700709127604167
1986 0.671078973524306
1987 0.758789097222222
1988 0.649296475694444
1989 0.656690681423611
1990 0.735043763020833
1991 0.672242764756944
1992 0.620631382378472
1993 0.709137621527778
1994 0.675803799913194
1995 0.635148363715278
1996 0.619840258246528
1997 0.577310256076389
1998 0.621691278211805
1999 0.666515008680555
2000 0.691784973958333
2001 0.649226868489583
2002 0.70486765625
2003 0.7253139453125
2004 0.650220032552083
2005 0.669716397569444
2006 0.615894186197917
2007 0.661260668402778
2008 0.550136916232639
2009 0.668863315972222
2010 0.651993741319444
2011 0.592105774739583
2012 0.691208585069444
2013 0.695332445746528
2014 0.696794739583333
2015 0.685168057725694
2016 0.720336189236111
2017 0.733306458333333
2018 0.625311341145833
2019 0.653357999131944
2020 0.589603875868056
2021 0.612284431423611
2022 0.634464661458333
2023 0.663447300347222
2024 0.627214010416667
2025 0.640879592013889
2026 0.625564325086805
2027 0.710478116319444
2028 0.667644240451389
2029 0.734366788194444
2030 0.708504157986111
2031 0.641963467881944
2032 0.7105619921875
2033 0.643410299479167
2034 0.735713033854167
2035 0.630487447916667
2036 0.604858324652778
2037 0.727563077256944
2038 0.685043383246528
2039 0.722509095052083
2040 0.700505677083333
2041 0.752874709201389
2042 0.698140768229167
2043 0.724615323350694
2044 0.710267829861111
2045 0.712020162760417
2046 0.885472582465278
2047 0.671402432725694
2048 0.707913446180556
