270 543280857332.001
270.1 529439523182.991
270.2 522120663404.488
270.3 507114297601.486
270.4 503244781898.759
270.5 497715048706.596
270.6 491982949385.495
270.7 486719212879.045
270.8 474890346281.744
270.9 470789916690.389
271 464116486264.646
271.1 458759984846.88
271.2 455923505562.062
271.3 448511077101.603
271.4 444028588681.68
271.5 439977060966.692
271.6 434167316607.408
271.7 427779705623.108
271.8 421731464571.959
271.9 412282998899.271
272 407498378979.771
272.1 397657865518.558
272.2 392723198953.367
272.3 387241817173.967
272.4 378342643070.063
272.5 374077652759.889
272.6 367514057433.384
272.7 359535985297.153
272.8 356038001352.311
272.9 339582742194.889
273 337243762482.633
273.1 330162302684.222
273.2 319129699355.494
273.3 314320941840.585
273.4 298857808572.355
273.5 296120665554.987
273.6 291419950983.16
273.7 280617706525.252
273.8 275084062939.278
273.9 267729642968.986
274 259522638772.879
274.1 257799062045.963
274.2 249290016059.759
274.3 242159897446.296
274.4 237375678166.647
274.5 229827744668.634
274.6 225279597880.729
274.7 219626824695.808
274.8 213898872419.884
274.9 206219855696.582
275 203384491400.786
275.1 201028643447.12
275.2 196300505855.637
275.3 189497372398.647
275.4 185082952606.195
275.5 177240892742.556
275.6 174286123974.874
275.7 168334930906.026
275.8 164820179764.978
275.9 161609535497.464
276 155860877621.467
276.1 151702760777.81
276.2 147415825275.966
276.3 137290039902.268
276.4 133405487747.506
276.5 125778996565.42
276.6 120651459466.047
276.7 115236084439.768
276.8 107474011788.863
276.9 103306688782.083
277 96029668393.0917
277.1 90036727524.9534
277.2 85859933610.0604
277.3 76547418660.7933
277.4 72388304982.1593
277.5 62967496884.8333
277.6 58763451628.4152
277.7 54629359050.6906
277.8 45643518592.4887
277.9 42698050300.971
278 38457507264.7307
278.1 31852438079.2907
278.2 29224757844.3745
278.3 26118769789.5069
278.4 22425938498.5678
278.5 21602194422.6962
278.6 22300824371.5032
278.7 22603484846.8182
278.8 24421724263.1603
278.9 30831009194.8934
279 34218966788.66
279.1 41312916733.2127
279.2 50226267339.562
279.3 55805701498.2509
279.4 71061206059.8824
279.5 76159227402.3465
279.6 83499118235.8027
279.7 101653300574.558
279.8 109531790641.954
279.9 132700992184.715
280 135945833054.79
280.1 143520946776.75
280.2 159321075973.133
280.3 169158147115.315
280.4 186413498451.745
280.5 194965146634.547
280.6 201651946294.487
280.7 218339931225.363
280.8 224797938687.527
280.9 229634169003.731
281 241327692998.698
281.1 248019487259.861
281.2 253529064940.798
281.3 259715149470.389
281.4 261506831775.977
281.5 262188478523.335
281.6 260669132160.223
281.7 256693193699.661
281.8 247088453392.122
281.9 241564113261.186
282 226197053214.303
282.1 217247873733.219
282.2 208376533271.01
282.3 190356480091.385
282.4 175870051927.125
282.5 158950628471.763
282.6 126013079450.45
282.7 112269104875.096
282.8 87819904568.9328
282.9 78337484616.6988
283 71989727509.1908
283.1 65015686488.4952
283.2 63898487122.9841
283.3 63999184965.2668
283.4 65225765441.4174
283.5 65082352953.0496
283.6 62734267063.4394
283.7 54876810646.5089
283.8 49447677682.301
283.9 37716698385.3381
284 32842888455.7701
284.1 27391949437.8877
284.2 22061498226.3769
284.3 20079499738.9739
284.4 17944404645.291
284.5 17247120729.7569
284.6 16958994498.4159
284.7 16737797662.113
284.8 16583169874.771
284.9 16485773962.5305
285 16415123580.9083
285.1 16502039631.1444
285.2 17124096437.1287
285.3 17390667611.2168
285.4 17823200483.3337
285.5 18802976441.4738
285.6 19438468554.2483
285.7 19797750196.0264
285.8 21072980266.4414
285.9 21405254764.5074
286 21677995924.4019
286.1 21725806562.6224
286.2 21558888855.9316
286.3 22021122069.5795
286.4 22139383534.3761
286.5 22486159027.772
286.6 22769414666.1088
286.7 22950679933.5806
286.8 23172304516.4666
286.9 23213385794.6885
287 23294619210.3331
287.1 23257931432.9538
287.2 23171143595.3248
287.3 22868265207.0335
287.4 22708985386.058
287.5 22591620960.7283
287.6 22315348276.0787
287.7 22129291087.5231
287.8 21931672627.7465
287.9 21497571448.9599
288 21334401623.6017
288.1 20984214758.0888
288.2 20741896227.7785
288.3 20405898833.9139
288.4 19986846729.295
288.5 19784178194.2332
288.6 19377952727.9819
288.7 15636718618.8179
288.8 15455099291.7581
288.9 18160899646.084
289 18047299844.1172
289.1 17908782399.2533
289.2 17433003867.4788
289.3 17280376831.4232
289.4 17091346411.8889
289.5 16725096648.9255
289.6 16568782603.984
289.7 16406693094.8768
289.8 16255595270.3865
289.9 16042671878.4353
290 15873464315.1904
290.1 15638331151.9478
290.2 15812247079.3014
290.3 15779696605.5067
290.4 15838439393.2456
290.5 15976514081.0179
290.6 16200461678.1345
290.7 16678602540.7554
290.8 17196474649.0848
290.9 17558579771.9812
291 18052217313.358
291.1 18984792621.8606
291.2 19474540792.5359
291.3 21179438131.4006
291.4 21371361862.3722
291.5 21993634386.6022
291.6 23314569072.6034
291.7 23787168599.2963
291.8 24360435502.7988
291.9 24896292817.0366
292 25073088315.6292
292.1 25808598913.1901
292.2 25833246843.4252
292.3 26136956713.6366
292.4 27114761177.724
292.5 27567563725.6268
292.6 28515243086.863
292.7 29434290300.5605
292.8 30039036114.2507
292.9 31416158299.8606
293 31728495499.8428
293.1 32306027918.0476
293.2 33265606526.1623
293.3 33605949492.7895
293.4 33995497794.7859
293.5 34494709746.7847
293.6 34638672041.4987
293.7 34790085908.1327
293.8 34748262037.8744
293.9 34727355182.9418
294 34446450561.7893
294.1 34365250338.6616
294.2 34196680705.6033
294.3 34154173049.1004
294.4 34164055489.2679
294.5 34185856699.2383
294.6 34313830183.7887
294.7 34411795294.4636
294.8 34610177577.9473
294.9 34726386294.2901
295 35200467049.4937
295.1 35442178207.7231
295.2 35771344915.1673
295.3 36604546156.0615
295.4 36759533943.0433
295.5 37507371306.974
295.6 37854892209.6573
295.7 38253459044.1251
295.8 38862951504.4312
295.9 39481399379.5585
296 40291617832.8421
296.1 41216034842.3342
296.2 41720748359.9427
296.3 42633281719.0908
296.4 43600036277.128
296.5 44214373383.035
296.6 45182904956.5849
296.7 45844804836.3577
296.8 46835110125.2181
296.9 48445570805.3592
297 48950224485.4808
297.1 49768166682.8928
297.2 50865884875.3646
297.3 51398379356.0151
297.4 52951015436.0311
297.5 53287233659.2197
297.6 54515627810.4965
297.7 55262030646.7724
297.8 55672751408.4083
297.9 56248991878.1535
298 56983680577.736
298.1 57516010372.7868
298.2 58109452963.1791
298.3 58435974069.0071
298.4 58579667598.9756
298.5 59211098865.5427
298.6 59484964152.2499
298.7 59811347515.5968
298.8 59750451449.8731
298.9 60170100072.8804
299 60978063915.8694
299.1 61438575722.4911
299.2 62043428894.9575
299.3 62285372506.5126
299.4 62811212770.2344
299.5 63762020439.7351
299.6 63813327328.3075
299.7 64291321469.7924
299.8 65119094090.6865
299.9 65751729746.0197
300 66874276274.0926
300.1 66909776410.1019
300.2 67247728699.8447
300.3 68374796683.8883
300.4 68961122631.2013
300.5 69279997687.625
300.6 70174586235.9532
300.7 70604464831.7535
300.8 71687706305.5413
300.9 71805706786.1599
301 72138287703.2105
301.1 73230864313.7809
301.2 73730346344.146
301.3 74843693383.9437
301.4 75774754700.3493
301.5 76397920299.8627
301.6 76961810482.1844
301.7 77557020672.0586
301.8 78385301937.8302
301.9 78997632391.7908
302 79795621533.8298
302.1 81127888020.3091
302.2 82930959153.0539
302.3 83355518940.7862
302.4 84099701539.2329
302.5 84730203730.1739
302.6 86079267084.3438
302.7 87280585058.8303
302.8 88112080397.317
302.9 90867302270.9118
303 91545649834.8148
303.1 92701750493.0297
303.2 94695509876.0156
303.3 96006204800.4268
303.4 96488787427.7763
303.5 98812335077.7058
303.6 99696959246.3925
303.7 101265992656.879
303.8 102267983853.629
303.9 103636869445.355
304 105653778800.23
304.1 106710966213.533
304.2 107980037951.492
304.3 110392135729.086
304.4 111304186119.745
304.5 112300758295.91
304.6 113288240840.649
304.7 115192564651.923
304.8 117406720319.417
304.9 118381426486.37
305 119912897168.883
305.1 121919182391.799
305.2 122652326491.681
305.3 124495280467.132
305.4 125911509419.015
305.5 128024751987.134
305.6 128745919907.755
305.7 129114672642.488
305.8 132869134006.42
305.9 133206548044.747
306 134026648531.028
306.1 136406729142.18
306.2 137796441050.095
306.3 139895148836.239
306.4 142419573373.355
306.5 144020415095.676
306.6 145833026431.044
306.7 147610664223.812
306.8 148750928527.478
306.9 151982969450.784
307 153509954521.954
307.1 155702940876.319
307.2 159342344805.11
307.3 160948055051.729
307.4 163297466486.772
307.5 167106360359.537
307.6 168958225658.145
307.7 172488331962.961
307.8 174476111748.909
307.9 176682603857.12
308 182178070049.955
308.1 185081953727.642
308.2 189022097439.097
308.3 192085489379.768
308.4 194070363114.951
308.5 199451424859.054
308.6 201942437894.262
308.7 207310421223.272
308.8 210768231975.086
308.9 213009273650.123
309 220384966194.438
309.1 221886568875.556
309.2 227394566459.596
309.3 229485264846.574
309.4 232069462705.362
309.5 234814925404.187
309.6 238990651741.903
309.7 241108096544.679
309.8 246529463451.924
309.9 247738345455.262
310 248945820034.449
---
390 215295646626.211
390.1 215026000275.858
390.2 215421344302.914
390.3 214427317723.746
390.4 215755954660.726
390.5 211570269843.872
390.6 216995111171.37
390.7 217417480681.267
390.8 218012213384.309
390.9 219425217908.461
391 220084985174.579
391.1 221196765776.075
391.2 221512516120.037
391.3 221478521136.556
391.4 221444133711.692
391.5 220799388267.216
391.6 220659613164.969
391.7 221096455034.751
391.8 221460304522.378
391.9 221041634996.172
392 221501918571.16
392.1 220964428974.484
392.2 220877763556.421
392.3 220549099028.546
392.4 221365324554.436
392.5 222206566364.183
392.6 222762637801.804
392.7 221714868954.361
392.8 221409006998.175
392.9 221225248715.191
393 221257782360.245
393.1 221237269403.874
393.2 220312094196.452
393.3 219436544035.524
393.4 216986234800.323
393.5 216674836184.467
393.6 215940900738.887
393.7 215575895516.066
393.8 216269868124.298
393.9 216090276544.744
394 216528117479.571
394.1 216300713009.749
394.2 215925830619.418
394.3 216366333540.766
394.4 216453175955.772
394.5 216236977102.257
394.6 216218588785.321
394.7 216287582624.408
394.8 216476841181.683
394.9 216444120282.11
395 216004807273.742
395.1 216232487180.178
395.2 217101366416.836
395.3 216093904166.183
395.4 215901158315.953
395.5 216031040979.396
395.6 216420851793.159
395.7 216916341892.093
395.8 215417458547.546
395.9 214837404346.244
396 214433966050.789
396.1 213682408952.602
396.2 213737575725.651
396.3 213896021112.265
396.4 212984955706.676
396.5 212417769901.313
396.6 211907877921.035
396.7 212628588382.97
396.8 212438624444.956
396.9 212445446613.911
397 212312790538.387
397.1 212171414965.317
397.2 211170869246.675
397.3 210862465395.916
397.4 210555537212.55
397.5 209954150681.854
397.6 206508453247.791
397.7 206353982883.77
397.8 205703152896.526
397.9 206433546977.423
398 205427035866.69
398.1 205255758633.253
398.2 203649469280.96
398.3 203926126675.196
398.4 203773092127.423
398.5 204232034187.7
398.6 204879158308.611
398.7 205366713169.358
398.8 206370385146.514
398.9 206584982204.318
399 206788173057.762
399.1 206682717020.984
399.2 206214356828.759
399.3 206349708565.937
399.4 205838203644.511
399.5 206123305030.49
399.6 205706848634.729
399.7 205214530354.59
399.8 205046255032.99
399.9 205804994528.061
400 205283988268.695
400.1 205524034995.647
400.2 205040840599.907
400.3 204442244474.314
400.4 203705268230.906
400.5 201831709203.196
400.6 199996224805.603
400.7 199336489196.812
400.8 197151843446.946
400.9 195436744230.603
401 193994158503.487
401.1 193044760607.623
401.2 193405391659.734
401.3 193045489457.02
401.4 193900894033.579
401.5 195189699982.094
401.6 196027717041.016
401.7 197866436257.152
401.8 199165324130.653
401.9 200118012669.272
402 203549519199.834
402.1 204383468664.942
402.2 204056912327.825
402.3 204618397161.172
402.4 205184678225.048
402.5 205475493379.911
402.6 206262176023.827
402.7 206732457389.27
402.8 207205832804.815
402.9 208056740212.775
403 207966117012.13
403.1 208064564457.676
403.2 207447771195.191
403.3 207115410863.764
403.4 207302388268.828
403.5 207355642330.727
403.6 207118516466.897
403.7 207202635229.197
403.8 206314427050.312
403.9 204998629019.424
404 204815966174.231
404.1 205121968502.968
404.2 204702380619.604
404.3 204958111979.521
404.4 204535068467.733
404.5 204627115357.216
404.6 204747699002.993
404.7 204503624221.025
404.8 204016029297.411
404.9 203850261179.659
405 202841642320.771
405.1 202839349902.821
405.2 202847049782.612
405.3 202774701419.629
405.4 203494931038.945
405.5 203233335164.564
405.6 202690563245.603
405.7 202656422087.067
405.8 202493128155.725
405.9 202350783820.099
406 202116197912.107
406.1 201541567650.245
406.2 201331278649.133
406.3 201014442531.986
406.4 201036230315.814
406.5 200590892914.605
406.6 200069343019.787
406.7 199673722700.433
406.8 200530740518.587
406.9 201430200750.097
407 201488548361.664
407.1 201826663399.311
407.2 201915176396.908
407.3 202328637395.067
407.4 202162963091.318
407.5 201918806975.18
407.6 202851850597.237
407.7 203156425163.287
407.8 199220334759.372
407.9 196198347979.572
408 206642949092.654
408.1 207026965689.968
408.2 207985858167.502
408.3 208812195226.326
408.4 209228032224.174
408.5 208799026245.927
408.6 209225135903.272
408.7 209852206649.283
408.8 210195842073.375
408.9 212046513164.344
409 212564736689.254
409.1 212388427034.023
409.2 211952527119.473
409.3 212043584910.919
409.4 213528960472.169
409.5 213701115625.63
409.6 213395395443.955
409.7 214626441040.821
409.8 215075840201.116
409.9 214511844596.567
410 214125054630.779
410.1 213823475397.573
410.2 210405040168.955
410.3 215389749896.113
410.4 215917004708.099
410.5 215476921538.255
410.6 215240253925.402
410.7 215360697907.124
410.8 215786525948.776
410.9 216186139663.866
411 216422950517.273
411.1 215835207344.03
411.2 215987678329.722
411.3 216463391319.543
411.4 216523785262.157
411.5 216497249477.183
411.6 216541825545.232
411.7 215914334848.147
411.8 216274390741.518
411.9 216282707336.9
412 217084692911.514
412.1 218993397650.629
412.2 219034088335.537
412.3 218250544641.802
412.4 217160123856.687
412.5 217323378960.039
412.6 217207848332.041
412.7 216889338152.914
412.8 217070787876.125
412.9 216997386899.412
413 217226417975.681
413.1 216309718853.504
413.2 217832072742.544
413.3 218124626436.476
413.4 218264042845.702
413.5 218884689108.131
413.6 219343086044.462
413.7 219899057752.65
413.8 220431677006.404
413.9 220590704106.59
414 219883706055.284
414.1 220193759521.635
414.2 219453536605.739
414.3 218954197284.514
414.4 219210280957.768
414.5 219062796643.711
414.6 220000980398.476
414.7 220108662408.68
414.8 220384974369.276
414.9 220679226035.383
415 220107332019.319
415.1 220982912592.319
415.2 221423613923.391
415.3 221579964078.978
415.4 223325629940.786
415.5 223480123199.101
415.6 222762136970.102
415.7 222879335069.31
415.8 223021625203.989
415.9 222911395521.109
416 222505209940.661
416.1 222669445105.49
416.2 222505379313.236
416.3 222493589196.94
416.4 222986448174.38
416.5 222746990234.569
416.6 224207898100.693
416.7 223917306508.445
416.8 223769030758.154
416.9 223400564955.043
417 223209428302.679
417.1 223435107011.562
417.2 223686970452.098
417.3 223743141851.227
417.4 224073105614.272
417.5 224351483720.486
417.6 224310932345.109
417.7 224415225623.017
417.8 225002309185.223
417.9 225399471149.868
418 225823456292.622
418.1 225237262840.812
418.2 225733089610.407
418.3 226105943624.177
418.4 226342748215.11
418.5 226760912689.02
418.6 226200883355.185
418.7 226102652191.191
418.8 227051151821.809
418.9 226490288607.818
419 226547180876.652
419.1 226651902070.241
419.2 226812543445.059
419.3 227437821355.513
419.4 227282728129.78
419.5 227127665696.929
419.6 228022254073.25
419.7 227528715261.494
419.8 225784049207.613
419.9 225501580551.289
420 225412763045.169
---
445 201595103216.677
445.1 200985325057.616
445.2 201629335907.961
445.3 200810171451.151
445.4 200890418605.67
445.5 201504042159.843
445.6 201972975887.57
445.7 202154561109.994
445.8 201974420953.084
445.9 202245474846.439
446 202230053900.991
446.1 202460450795.412
446.2 203265952746.788
446.3 202700407421.311
446.4 201795109430.912
446.5 199896877583.241
446.6 201153990836.712
446.7 200114519260.72
446.8 198154487571.995
446.9 198363742601.238
447 198143080370.117
447.1 198147343131.139
447.2 197985335425.31
447.3 197781103716.056
447.4 199027121966.109
447.5 199120431123.657
447.6 199020675497.23
447.7 198267238932.506
447.8 198781053497.911
447.9 199286868863.108
448 199774198572.617
448.1 197337918336.497
448.2 195854802741.123
448.3 196330940152.134
448.4 196060473444.57
448.5 195621407213.911
448.6 194222959222.766
448.7 193270964731.196
448.8 192930877916.979
448.9 193315664801.723
449 193421238419.45
449.1 193471658410.065
449.2 192047207680.07
449.3 192328918902.344
449.4 191567495261.464
449.5 192052113661.29
449.6 193340921654.118
449.7 192966420490.774
449.8 192320505479.424
449.9 190669853632.83
450 190110535959.352
450.1 189360274517.635
450.2 188614800856.543
450.3 188560627633.3
450.4 189877643864.557
450.5 190643114989.56
450.6 190992692665.415
450.7 190513399787.294
450.8 190569392222.097
450.9 190241300220.111
451 190245916193.485
451.1 190669857648.245
451.2 188763020944.958
451.3 187069449286.712
451.4 186963553641.592
451.5 188157746231.474
451.6 187906534018.959
451.7 187830553998.001
451.8 187234343431.293
451.9 187331522785.101
452 186882817683.323
452.1 187318731949.265
452.2 189333763138.486
452.3 190509360374.604
452.4 191744723349.986
452.5 190703296768.014
452.6 190807220388.266
452.7 190962374473.677
452.8 191318637197.57
452.9 192887775819.718
453 192207849285.527
453.1 190015677385.923
453.2 190012345296.329
453.3 190604061201.757
453.4 190111634141.412
453.5 186582656851.699
453.6 187879352258.326
453.7 187507356621.065
453.8 187526208488.797
453.9 187731274777.042
454 187668558285.065
454.1 188403643619.866
454.2 189253792213.825
454.3 189673992874.331
454.4 191537495525.375
454.5 190777887040.527
454.6 190034922886.803
454.7 189801736682.272
454.8 189973319857.792
454.9 189639794204.118
455 189899932886.849
455.1 190784232606.93
455.2 189809631010.797
455.3 189354514467.871
455.4 190291361329.768
455.5 189483322043.268
455.6 188325923070.168
455.7 189390761695.404
455.8 189441575341.046
455.9 189812695842.759
456 189954146162.998
456.1 190735801122.79
456.2 191336511039.853
456.3 190756554731.323
456.4 191841792287.838
456.5 191801087388.61
456.6 191768921336.905
456.7 191746515975.216
456.8 191732341291.819
456.9 191192199382.737
457 190742816541.437
457.1 190751465730.141
457.2 191138447358.465
457.3 190856443678.717
457.4 190699144901.763
457.5 190578932620.433
457.6 189755598287.349
457.7 189636211259.44
457.8 189855193206.391
457.9 190090293953.579
458 190879815741.11
458.1 191114749013.204
458.2 190959975292.233
458.3 190569410320.786
458.4 190430537709.943
458.5 190612802962.571
458.6 190287811624.462
458.7 189029937093.539
458.8 189715157775.293
458.9 189614237738.421
459 189833446106.401
459.1 189799458174.46
459.2 189564053256.272
459.3 189426733648.54
459.4 189249767973.268
459.5 188931942789.806
459.6 188739539924.84
459.7 188027037134.544
459.8 188444927125.602
459.9 189647427777.678
460 188680863277.197
460.1 188938965835.833
460.2 189047490084.471
460.3 187750839040.411
460.4 187565742660.949
460.5 186857890293.237
460.6 185918424262.344
460.7 186419495527.837
460.8 186294971506.426
460.9 186529178811.36
461 186401831265.157
461.1 185828370751.348
461.2 184601459272.19
461.3 184551638674.934
461.4 184452341725.392
461.5 186096143657.247
461.6 186168797452.603
461.7 185331750282.85
461.8 185648362998.505
461.9 186232830141.806
462 185942832963.506
462.1 186121950840.901
462.2 185751951833.59
462.3 185260134774.283
462.4 184379364299.257
462.5 184344930151.83
462.6 184460565148.542
462.7 184319876010.798
462.8 184085044960.77
462.9 184322831166.889
463 184251192467.59
463.1 184720848570.597
463.2 184425372401.336
463.3 183248194787.154
463.4 183124434415.393
463.5 182449675701.438
463.6 182728910083.607
463.7 183082002172.84
463.8 182915401578.959
463.9 181890845578.814
464 182110199766.271
464.1 182391265107.571
464.2 182563407200.596
464.3 182245898471.066
464.4 182851134988.369
464.5 181126022960.507
464.6 180319040293.7
464.7 179991984818.73
464.8 180108219647.237
464.9 180444690034.306
465 180264055031.991
465.1 180957470571.127
465.2 180308320613.395
465.3 180595174780.931
465.4 179849986147.175
465.5 179630036448.959
465.6 179002875653.239
465.7 179221824548.583
465.8 179811294881.325
465.9 179937758142.048
466 179827984572.217
466.1 179865787338.402
466.2 179572791513.428
466.3 179310241467.701
466.4 179613851418.383
466.5 179460338764.516
466.6 178564982145.365
466.7 177806483290.488
466.8 177692440145.494
466.9 177742666835.702
467 177774972444.348
467.1 177438873772.286
467.2 177059734782.723
467.3 177954300386.038
467.4 178002251889.633
467.5 176853322807.667
467.6 176699264845.065
467.7 177114640111.44
467.8 177213435608.29
467.9 176820176907.085
468 176596976321.808
468.1 176736702098.047
468.2 176607487697.317
468.3 176407031924.023
468.4 175880322652.497
468.5 175504238583.795
468.6 175107002965.36
468.7 175233768217.836
468.8 175216756007.874
468.9 175161527303.926
469 174520425431.298
469.1 174257652175.76
469.2 173901601819.464
469.3 174089130686.592
469.4 174191585080.562
469.5 174381119188.494
469.6 174081899126.27
469.7 174507101708.036
469.8 174921635254.591
469.9 174513253073.911
470 174473219594.473
470.1 175045778323.373
470.2 174375207987.867
470.3 174434518617.908
470.4 174953411819.913
470.5 174689750558.061
470.6 174636009268.751
470.7 174714523173.962
470.8 174479898392.953
470.9 174206927001.015
471 174712273425.009
471.1 174785017764.203
471.2 174322598882.702
471.3 174212009670.128
471.4 173753040018.555
471.5 173504953810.396
471.6 170337799026.046
471.7 170713905315.606
471.8 172390306188.428
471.9 172515332264.91
472 172826756416.604
472.1 173923522090.037
472.2 173785892413.813
472.3 172915466749.021
472.4 173478100499.871
472.5 173088764873.47
472.6 172732954140.28
472.7 171898948986.736
472.8 171338386885.506
472.9 171854029889.284
473 171348512012.204
473.1 172353823666.231
473.2 172457117991.385
473.3 171875261380.678
473.4 172513216427.443
473.5 172217500700.056
473.6 171439450314.074
473.7 172311792041.918
473.8 172136285574.229
473.9 171865975547.947
474 171974947468.809
474.1 171765365958.683
474.2 171913775666.438
474.3 172274043920.903
474.4 171585548592.748
474.5 171241877972.114
474.6 171480416905.207
474.7 169288826888.164
474.8 169523736586.466
474.9 170193923646.145
475 170285153920.262
---
500 146495131512.771
500.1 145560675639.262
500.2 144666046515.431
500.3 145052042018.898
500.4 145350213602.898
500.5 145852420202.359
500.6 145997910008.59
500.7 146324015663.506
500.8 145720527909.578
500.9 146071189948.744
501 146194393169.371
501.1 145626634445.88
501.2 145703233439.048
501.3 145630663768.897
501.4 144992807482.096
501.5 144276029147.578
501.6 144095215949.98
501.7 144026455266.301
501.8 144557874968.056
501.9 144255192921.293
502 143363310431.918
502.1 143068505179.534
502.2 143640512192.59
502.3 143579940941.57
502.4 144397409654.353
502.5 144598695840.142
502.6 142746511309.318
502.7 142802328765.461
502.8 142756456747.658
502.9 142917242358.267
503 142717059314.236
503.1 142150077943.378
503.2 141985855504.616
503.3 141319267820.019
503.4 141307318586.31
503.5 140522495105.184
503.6 139365947537.034
503.7 139375920376.929
503.8 139968654460.688
503.9 140168617971.595
504 140779478571.764
504.1 141508630810.738
504.2 140663718944.157
504.3 139888685751.407
504.4 140361121597.94
504.5 140051172951.995
504.6 139926672967.995
504.7 139802414447.719
504.8 140445280328.327
504.9 140748470855.971
505 139109882414.23
505.1 138866527712.952
505.2 138805930163.37
505.3 139108322725.915
505.4 138530278223.495
505.5 138789726809.203
505.6 138942192832.587
505.7 138753387673.329
505.8 138892176172.776
505.9 138795529444.203
506 139575474345.184
506.1 139634189971.672
506.2 139379642998.058
506.3 139767432016.135
506.4 139613465940.805
506.5 138629673403.687
506.6 138523542394.899
506.7 138668971403.63
506.8 138717211764.342
506.9 138832228874.916
507 138915013364.972
507.1 138299940325.006
507.2 138323816630.979
507.3 138272527584.484
507.4 138945854951.033
507.5 138698397109.701
507.6 139315541543.567
507.7 139670741573.033
507.8 139367670248.098
507.9 139326168415.431
508 138289551240.164
508.1 138664730807.91
508.2 138728870533.159
508.3 138804577799.691
508.4 138999934803.792
508.5 139270034589.625
508.6 139067730392.701
508.7 138636819937.633
508.8 138723247863.92
508.9 138700257964.981
509 138518002441.327
509.1 138408488229.657
509.2 137682465798.989
509.3 136938147884.734
509.4 139046649638.632
509.5 139103790633.97
509.6 139746615813.192
509.7 139876722002.105
509.8 140246273522.445
509.9 140240631348.47
510 139354235081.75
510.1 138970870877.966
510.2 138970445933.334
510.3 139078390387.267
510.4 139406776277.821
510.5 139537386921.713
510.6 139530798295.032
510.7 138977737664.931
510.8 138840541735.799
510.9 138719990762.698
511 139338571460.793
511.1 139000716054.42
511.2 138165152209.876
511.3 139015948684.338
511.4 138899863729.576
511.5 138746996279.712
511.6 138596942798.345
511.7 138457475325.819
511.8 137675619662.207
511.9 137655754634.258
512 137686931377.022
512.1 138104872112.871
512.2 137100818200.971
512.3 136937870271.3
512.4 137346979803.392
512.5 136798371422.844
512.6 137076383567.586
512.7 137131933761.401
512.8 136505345206.613
512.9 136786508229.043
513 137127824446.43
513.1 137290914121.108
513.2 136830075892.908
513.3 136048375434.591
513.4 135523329641.328
513.5 135393835731.763
513.6 135026080492.395
513.7 135316578285.094
513.8 135072662054.278
513.9 134443439549.512
514 134207953066.337
514.1 135076234260.635
514.2 135457572501.574
514.3 134840264913.607
514.4 134483516731.557
514.5 134191686367.996
514.6 134403103760.928
514.7 133499544062.124
514.8 133801725977.148
514.9 133660388822.885
515 133906758785.268
515.1 133670021998.229
515.2 133706736390.52
515.3 133422041233.244
515.4 133462408221.064
515.5 133933121939.714
515.6 132877933243.073
515.7 132910912304.547
515.8 132940110124.675
515.9 133768334509.855
516 133952658920.831
516.1 133753321783.909
516.2 133740857442.403
516.3 132374385667.509
516.4 132315038929.065
516.5 133344209385.497
516.6 132436231805.264
516.7 132009906255.615
516.8 132219905551.102
516.9 131753292306.562
517 131922154309.219
517.1 131596357083.799
517.2 131727974558.299
517.3 131676491064.575
517.4 131274591525.715
517.5 131891760321.121
517.6 132097226292.637
517.7 132063436793.842
517.8 131615314103.336
517.9 131579240328.314
518 132083205328.484
518.1 132117568280.284
518.2 132355315577.166
518.3 132552007689.951
518.4 132142244278.153
518.5 131238950656.849
518.6 131678815462.557
518.7 131457350697.913
518.8 131156799418.052
518.9 131115096702.082
519 130982469916.12
519.1 131035683416.052
519.2 131182581866.958
519.3 131024130759.794
519.4 130207322765.04
519.5 130434345941.132
519.6 130022294465.385
519.7 130970582195.766
519.8 130994580438.819
519.9 131121825414.359
520 130327437379.718
520.1 130565460768.159
520.2 130329949574.308
520.3 132051922374.267
520.4 131918632627.076
520.5 131335376570.557
520.6 130733757195.852
520.7 130801665530.453
520.8 130744025891.215
520.9 130466184768.286
521 130273524884.059
521.1 130134230412.566
521.2 130639517374.636
521.3 130447065048.523
521.4 130093088526.513
521.5 129281042427.027
521.6 129363424021.641
521.7 129304137917.648
521.8 129141059017.468
521.9 129367451191.517
522 129528148569.158
522.1 129335662713.719
522.2 129464258526.476
522.3 129692909979.335
522.4 128778296313.403
522.5 128946624274.734
522.6 128792071961.651
522.7 128635842155.091
522.8 128225095733.664
522.9 128028569001.641
523 128380758310.914
523.1 127770690736.768
523.2 127871602724.291
523.3 128265097775.676
523.4 128027775788.989
523.5 128157154613.373
523.6 128194940073.82
523.7 127860190500.465
523.8 127913768307.967
523.9 127534526901.401
524 127401660109.217
524.1 127121439357.816
524.2 127176465555.971
524.3 126385648491.364
524.4 126724464397.832
524.5 126543283227.594
524.6 126270153907.827
524.7 126439506091.896
524.8 126535981856.874
524.9 125762982741.603
525 126573612016.76
525.1 126815958722.433
525.2 126267856004.868
525.3 126168427508.101
525.4 126113434762.027
525.5 125989970975.507
525.6 125752370076.852
525.7 126138640185.987
525.8 124918005406.579
525.9 123953161135.485
526 123735432457.846
526.1 124101153553.578
526.2 124103327186.586
526.3 123952084585.625
526.4 124395590350.366
526.5 124165256258.754
526.6 123381882673.341
526.7 124438599011.793
526.8 124862334618.19
526.9 124471451681.337
527 124222392881.181
527.1 124263799994.192
527.2 123543291080.985
527.3 122900357928.576
527.4 122696937250.443
527.5 122008131568.35
527.6 121515937581.795
527.7 122080452802.667
527.8 122016191559.046
527.9 122164110907.296
528 121692739919.13
528.1 121249186314.405
528.2 121271157277.082
528.3 121345500674.688
528.4 120976525897.377
528.5 120702373890.144
528.6 120686757635.679
528.7 119811006047.933
528.8 119829431042.257
528.9 119732875612.627
529 119075082680.735
529.1 119355762653.475
529.2 119311977989.385
529.3 118405668350.515
529.4 118288812322.905
529.5 118184384849.53
529.6 118788743683.518
529.7 117533680050.502
529.8 116938396704.069
529.9 116240930728.666
530 116396146771.804
530.1 116081217512.038
530.2 115949329281.587
530.3 115253159264.915
530.4 115113536758.826
530.5 114558495893.135
530.6 114909164466.715
530.7 115216163728.342
530.8 114480678100.798
530.9 114320297358.44
531 114038592646.449
531.1 114692498133.975
531.2 114989774461.877
531.3 114766489112.493
531.4 114136359532.315
531.5 113825752693.798
531.6 113976267237.733
531.7 113729239169.224
531.8 113928986772.134
531.9 113881706069.59
532 113895388134.137
532.1 113701587613.454
532.2 113567890672.859
532.3 112998882347.66
532.4 113410778808.976
532.5 112862372710.724
532.6 112113964182.587
532.7 111852158428.434
532.8 111864423355.687
532.9 111730458757.129
533 111524067943.759
533.1 110857646902.721
533.2 110291920297.209
533.3 110164106582.006
533.4 109367051789.48
533.5 108834039636.849
533.6 108861159432.777
533.7 108471644722.594
533.8 108350524263.96
533.9 108463561388.118
534 107646479184.871
534.1 107975041600.989
534.2 107784255563.339
534.3 106108759121.07
534.4 105854977380.955
534.5 105193974639.454
534.6 104793198707.925
534.7 104207092056.127
534.8 104035300785.193
534.9 103498540839.223
535 102511626204.168
535.1 101636722915.864
535.2 101151220366.472
535.3 100228671429.454
535.4 99742713275.5998
535.5 99167695904.0435
535.6 98313129782.4868
535.7 97965441870.808
535.8 97250702475.7597
535.9 95595003571.3076
536 95308295260.4848
536.1 94701109696.0235
536.2 92289570965.1045
536.3 91851125650.8729
536.4 91116878031.8948
536.5 89364193675.8795
536.6 89298971116.6929
536.7 88899243919.0012
536.8 87753367214.0449
536.9 87746569146.6836
537 87586926464.6808
537.1 87335297044.4518
537.2 86978472991.6158
537.3 86919020091.4248
537.4 86761852680.0908
537.5 87419001412.2226
537.6 87751173270.7469
537.7 88031865070.3593
537.8 88163573011.9303
537.9 87835995720.5471
538 87995064582.2014
538.1 88368614562.1381
538.2 89112045080.6367
538.3 89524631497.644
538.4 89615899395.4956
538.5 89863100669.7408
538.6 90172425368.5544
538.7 90454565718.5549
538.8 90995042722.078
538.9 91182074126.7847
539 91534234210.7587
539.1 91292592381.7798
539.2 91978784675.1487
539.3 92221716542.2005
539.4 92440164838.6669
539.5 92355406791.1155
539.6 92618974131.4022
539.7 92697782780.4786
539.8 92931817136.7827
539.9 93223136351.5704
540 93442963654.5924
540.1 93837551672.8526
540.2 93649718858.6283
540.3 93940842820.1542
540.4 94590784857.034
540.5 95008093031.1665
540.6 95284106005.158
540.7 95491186500.4733
540.8 95835745269.7934
540.9 96197182975.1709
541 96413012296.5485
541.1 96497156300.4714
541.2 96865327232.3133
541.3 97198153096.3422
541.4 97177250893.379
541.5 97653572688.4216
541.6 97607186371.7949
541.7 97356970849.5012
541.8 98392857006.2063
541.9 98346496714.28
542 98083953375.679
542.1 98160423603.1102
542.2 98476231117.3646
542.3 98833767263.4537
542.4 97599800782.983
542.5 96998283557.7402
542.6 99362191576.0186
542.7 99473939523.4076
542.8 99511024687.847
542.9 99734993085.6083
543 100523753350.645
543.1 100672594444.415
543.2 100665444035.059
543.3 100509786327.859
543.4 99948528062.3689
543.5 99904073206.1918
543.6 99856961105.4127
543.7 100189897407.415
543.8 100320987927.458
543.9 100668172751.904
544 100601403177.18
544.1 100886685593.976
544.2 100610805321.792
544.3 100476757439.002
544.4 100569105079.512
544.5 100654165550.906
544.6 100951240534.73
544.7 100515815791.401
544.8 100607419189.698
544.9 100941049093.888
545 101003779336.515
545.1 101212690672.455
545.2 100592430100.428
545.3 100763727582.252
545.4 100982642633.169
545.5 101323619144.843
545.6 101347938090.646
545.7 101235700598.86
545.8 101011569715.684
545.9 101082037229.358
546 101209311342.332
546.1 101550100482.996
546.2 101791816203.319
546.3 102399475926.973
546.4 102545560641.908
546.5 102262553205.781
546.6 102280213473.854
546.7 101984128881.392
546.8 102420340708.831
546.9 102564174054.556
547 102491131151.743
547.1 102494134610.516
547.2 102663143126.576
547.3 102208646675.026
547.4 102581716837.723
547.5 102603819994.839
547.6 103069036445.298
547.7 102180360542.844
547.8 102132342537.915
547.9 102168411982.797
548 102505074373.051
548.1 102449799199.515
548.2 102673267129.74
548.3 103043004548.984
548.4 102698998733.113
548.5 102583786696.108
548.6 103332376003.786
548.7 103542741506.688
548.8 103334674610.161
548.9 103204656413.976
549 103120447086.799
549.1 103206307792.592
549.2 102997568028.021
549.3 102944865226.773
549.4 102984397923.012
549.5 103094683783.81
549.6 103142429234.082
549.7 103150701394.76
549.8 103357824812.762
549.9 103976176049.774
550 103658915331.395
550.1 103648992501.966
550.2 104086047348.126
550.3 103685007496.448
550.4 103932315167.371
550.5 103563784200.631
550.6 103910935797.387
550.7 103426301847.414
550.8 103291146309.878
550.9 103261635502.335
551 103337361449.676
551.1 103038844694.713
551.2 103127976826.901
551.3 103323613494.092
551.4 103169033517.526
551.5 103534356326.325
551.6 103439962867.609
551.7 103348244141.151
551.8 103784446617.929
551.9 103484125699.853
552 103071028110.901
552.1 102636875456.112
552.2 102737576269.713
552.3 103137063612.163
552.4 102723116068.118
552.5 102733732179.876
552.6 102711803485.79
552.7 101978874642.163
552.8 102110415663.097
552.9 101859959116.219
553 101764440612.146
553.1 101921300549.99
553.2 101705343933.04
553.3 101353980655.108
553.4 101415197775.656
553.5 101511362698.44
553.6 101341481140.372
553.7 101448046724.7
553.8 101148027898.391
553.9 101034391834.681
554 101283884517.872
554.1 101200539128.74
554.2 101343446680.925
554.3 101102932511.598
554.4 101259378343.697
554.5 100828022329.903
554.6 100711171449.61
554.7 100821469056.333
554.8 100828565912.57
554.9 100794112673.633
555 100285498788.676
555.1 100052464491.652
555.2 100047208835.475
555.3 100397613333.055
555.4 100344719584.353
555.5 99806041542.7691
555.6 99605524699.608
555.7 99264761635.4981
555.8 98994970192.4123
555.9 99016990755.5288
556 98887649012.4477
556.1 98645082784.5353
556.2 98669463542.2155
556.3 98584665613.4833
556.4 98284715960.747
556.5 97794471620.2794
556.6 97882986449.2313
556.7 98281161599.4627
556.8 97729098470.4471
556.9 97808172921.9951
557 97728191016.7917
557.1 97092661893.4033
557.2 97090166400.6938
557.3 97203536009.9176
557.4 97497642982.375
557.5 97377124375.1319
557.6 97709532212.9986
557.7 97440141774.9407
557.8 97282844842.5297
557.9 97238033969.5933
558 97144447617.2659
558.1 96891281681.0567
558.2 96896901209.1645
558.3 96894858663.5592
558.4 96860305648.2788
558.5 96817739208.367
558.6 96692413407.5308
558.7 96454976802.3369
558.8 96506082427.2107
558.9 96249116984.8051
559 95791381316.0846
559.1 96023332846.0544
559.2 96334325210.72
559.3 95842197910.3701
559.4 95680913104.2127
559.5 95765219490.0154
559.6 95397160407.4171
559.7 95419230893.4842
559.8 95249538924.6438
559.9 95801436817.3564
560 95905650884.9234
560.1 95765913317.1494
560.2 95151772718.588
560.3 94714638652.648
560.4 94367753049.9392
560.5 94748906404.7926
560.6 94492663978.3743
560.7 94558703215.5923
560.8 95065337355.5282
560.9 94376902209.4832
561 94017190805.2033
561.1 94193156008.1117
561.2 93600705455.472
561.3 93896674966.7811
561.4 94688277886.3432
561.5 94232958252.4598
561.6 93887934141.3403
561.7 94074040137.1183
561.8 92441879253.4994
561.9 91440569926.2242
562 90742305834.5668
562.1 90583417183.5707
562.2 90129719527.738
562.3 91368949128.73
562.4 91435107856.0029
562.5 91159764353.0515
562.6 90199776314.8247
562.7 89675496902.3067
562.8 89572290869.7252
562.9 89533324290.6888
563 89318772218.0958
563.1 88891003783.4574
563.2 88431320653.3705
563.3 88182538825.4429
563.4 89039462094.366
563.5 89003650076.9705
563.6 89431914295.7592
563.7 88994440514.7581
563.8 89217542607.4928
563.9 89610647230.4923
564 89591592254.9073
564.1 89952617401.9163
564.2 90205393294.0992
564.3 90199950251.7518
564.4 90273688650.0084
564.5 90309532260.9393
564.6 89869811622.1585
564.7 89782915096.3582
564.8 89743313151.4932
564.9 91299194953.5825
565 91281882131.5471
565.1 91557481356.1925
565.2 91476972305.8597
565.3 91201062799.0769
565.4 90243226224.5575
565.5 91966329114.3276
565.6 92111667571.2584
565.7 91958329644.6148
565.8 92298260347.0533
565.9 92409305277.374
566 91761683308.1208
566.1 93018666863.0263
566.2 93260678512.1721
566.3 93218685672.7671
566.4 93013918886.6216
566.5 93075669996.2153
566.6 93149504721.14
566.7 93023456625.2146
566.8 92646032150.9461
566.9 92050097712.6649
567 91595815256.4204
567.1 91390657793.9306
567.2 91040699914.627
567.3 91195662629.7882
567.4 91105243788.8181
567.5 91065944869.6967
567.6 89999158430.6056
567.7 89777905534.6641
567.8 89470535054.3101
567.9 89494306372.0103
568 89619048129.9554
568.1 89199323436.8659
568.2 89608671557.6823
568.3 89461446990.4533
568.4 89147816339.1736
568.5 88831510748.5273
568.6 88934528150.1958
568.7 88682616042.2256
568.8 89857879226.1589
568.9 89968186534.0476
569 89618254401.4819
569.1 89578248158.5555
569.2 89502645989.8766
569.3 89509796350.1676
569.4 89194389116.2324
569.5 88163450712.5091
569.6 87796596503.5338
569.7 87968069912.8573
569.8 87772514335.9519
569.9 87945610021.9498
570 88913662191.791
570.1 88654579470.0413
570.2 88679024936.809
570.3 89380073441.9871
570.4 88421492176.2993
570.5 88564650193.4415
570.6 88547072483.5317
570.7 87678779241.8053
570.8 87606695185.7621
570.9 88719195788.7049
571 88608092673.1026
571.1 88855916886.8947
571.2 89522170000.9215
571.3 88288005991.1597
571.4 89048138076.2405
571.5 89646821316.6155
571.6 89656223864.7492
571.7 89716385429.5482
571.8 89678741187.8582
571.9 89572767426.8326
572 89961608226.1093
572.1 90142391887.5983
572.2 89620214536.6355
572.3 89319624599.1018
572.4 89658735138.5869
572.5 90198646775.5241
572.6 89917559639.5235
572.7 89443884929.435
572.8 88927080969.967
572.9 89154630182.2502
573 88933128822.1481
573.1 88864674265.5728
573.2 88785194501.1988
573.3 89421964148.0922
573.4 89686234410.4062
573.5 89410038131.4765
573.6 89474741273.7457
573.7 89670073125.8103
573.8 88720374932.9056
573.9 88829906748.6336
574 88931899282.3237
574.1 89610038055.8625
574.2 89763941645.6435
574.3 89913753226.8113
574.4 89654336892.7053
574.5 89545392367.023
574.6 89451971340.0257
574.7 89620335007.393
574.8 89407172959.5965
574.9 89182980104.2367
575 89515110625.4106
575.1 89235506918.7106
575.2 89174576624.1838
575.3 88948569732.3361
575.4 89039966379.4317
575.5 89085301088.965
575.6 89025486262.4061
575.7 89070700908.3517
575.8 89181627642.1268
575.9 89371964790.0329
576 89028254718.6544
576.1 88580459539.415
576.2 88352982172.4052
576.3 88439218701.5173
576.4 88211519806.5169
576.5 88225302093.663
576.6 88255614604.063
576.7 88005387005.3658
576.8 87530628632.4683
576.9 87449691153.3962
577 87568555783.1763
577.1 87859342930.8851
577.2 87853399706.2232
577.3 87911158864.0514
577.4 88289979696.9319
577.5 88534640239.7307
577.6 88520630018.3622
577.7 88484297968.599
577.8 87749470895.4741
577.9 87645478097.2748
578 87651354591.5072
578.1 87874439009.3788
578.2 87547893420.6094
578.3 87536076453.0487
578.4 87283550973.4347
578.5 86995688186.7485
578.6 86828961934.7785
578.7 86475306019.6499
578.8 86103505552.049
578.9 85958957457.3268
579 85529198567.7047
579.1 85658636965.0805
579.2 86118606073.9052
579.3 84632407308.6231
579.4 84453032356.5694
579.5 84235985150.968
579.6 84154716588.2458
579.7 83845987592.9765
579.8 83659402966.825
579.9 83351130036.652
580 82555565020.5517
580.1 82468198200.1023
580.2 82511902925.4652
580.3 82884831055.3882
580.4 82650488182.141
580.5 82484120094.3343
580.6 82328059530.5939
580.7 82266628006.6243
580.8 82118945046.7389
580.9 82059106192.5497
581 82035264606.7856
581.1 81877697818.5574
581.2 82388681237.6321
581.3 82567894423.3214
581.4 82653601100.7214
581.5 82688964347.7447
581.6 82876450898.7566
581.7 82645190718.6129
581.8 82699865970.4781
581.9 82206462824.5587
582 82224946268.0571
582.1 81836051787.8527
582.2 81711869832.5782
582.3 81877848054.9335
582.4 81680150369.5114
582.5 81636177350.8823
582.6 81566083367.6851
582.7 81642199204.0493
582.8 81989360737.9697
582.9 82261914893.4641
583 82470094442.7357
583.1 82490405147.3648
583.2 82243719412.097
583.3 81631219201.1182
583.4 81476022031.6475
583.5 81656930606.8883
583.6 81825717300.5101
583.7 82283166546.3593
583.8 82121494551.4149
583.9 81674079693.3543
584 81712685285.701
584.1 82195782488.9272
584.2 82531576914.5571
584.3 82944176340.9586
584.4 82414035658.1507
584.5 82241808345.535
584.6 81635061798.8581
584.7 81701730480.5247
584.8 82255380806.4576
584.9 82114934765.2816
585 81206100967.7429
585.1 81054337728.7807
585.2 81044450507.7979
585.3 81381600598.3402
585.4 81593694475.0952
585.5 81475736851.8021
585.6 80637108490.2258
585.7 80808630282.0479
585.8 81000694724.144
585.9 80704099372.4672
586 80604756634.618
586.1 80977889371.0927
586.2 80742006450.4846
586.3 80892052620.6284
586.4 80659306640.3835
586.5 80246562319.1359
586.6 81004054338.9872
586.7 80834978557.0517
586.8 80687394123.6376
586.9 80595852034.3339
587 79762716551.6554
587.1 79547642079.7618
587.2 80040829093.2784
587.3 80063954066.3702
587.4 80002488085
587.5 79909227140.4269
587.6 80151958262.4841
587.7 80309990217.83
587.8 80079677527.1975
587.9 80230588279.5525
588 80532524416.3889
588.1 80115889615.3089
588.2 80228078297.6402
588.3 80413762858.4501
588.4 80311108690.6869
588.5 80091802437.8357
588.6 80041556030.9962
588.7 79711956404.8522
588.8 79631671649.8686
588.9 79749834242.6572
589 79668543413.3849
589.1 79603961020.7507
589.2 79111868921.5762
589.3 78928890646.6227
589.4 78853109041.3309
589.5 79406368184.7259
589.6 79330783505.1442
589.7 79221768304.2148
589.8 79103805243.422
589.9 78969010356.6971
590 79086782330.8005
590.1 78943371133.6901
590.2 78787913643.7069
590.3 78829732527.0014
590.4 78895919782.822
590.5 79026260824.6453
590.6 78474266240.2519
590.7 78365101340.0749
590.8 78351324583.3514
590.9 78268699340.7077
591 78033750951.114
591.1 77868205690.1969
591.2 77716807758.8916
591.3 77755006974.2261
591.4 77910296893.1286
591.5 77165083332.6822
591.6 77394154604.6942
591.7 77427970696.874
591.8 77044334811.0823
591.9 76791731741.1402
592 76733029823.4641
592.1 76771456914.9535
592.2 76503443180.9971
592.3 76466923584.143
592.4 76308740925.8913
592.5 76280827983.2944
592.6 76515122820.221
592.7 76792579588.4604
592.8 76756472716.0088
592.9 76755180531.7558
593 76525359153.4182
593.1 76043230486.7158
593.2 76081004600.4158
593.3 75959146482.4339
593.4 75858109355.6217
593.5 75679843850.3286
593.6 75445134325.5235
593.7 75462255859.9487
593.8 75378426190.1544
593.9 75340773101.3086
594 75263395937.8341
594.1 75202158494.9537
594.2 75088277572.2881
594.3 75124040534.8489
594.4 74899887965.1334
594.5 75218236626.3688
594.6 75023137491.6293
594.7 74532044039.3471
594.8 74588222896.6407
594.9 74454575022.6421
595 73886472631.2537
595.1 73959462983.1296
595.2 74050138410.5761
595.3 73516293660.5969
595.4 73272177028.8352
595.5 73496872141.5466
595.6 72016509270.6823
595.7 71403788395.686
595.8 72228541538.9044
595.9 71710478527.2984
596 71803457152.0382
596.1 71637164939.6412
596.2 72131789442.6042
596.3 71757965459.4619
596.4 71502151464.2092
596.5 71621105190.327
596.6 71685647632.7293
596.7 71249818136.576
596.8 71073560732.7773
596.9 72000947528.4951
597 71745155012.4733
597.1 71363154867.6036
597.2 71033631601.3067
597.3 71218841130.6818
597.4 71454035091.0466
597.5 71025161638.2052
597.6 70921256164.6424
597.7 71073874626.7147
597.8 70712306883.4264
597.9 70619151281.3756
598 72336988232.3113
598.1 71013722882.5627
598.2 70403745261.3426
598.3 69744487556.1142
598.4 70474336588.5185
598.5 70842857657.1364
598.6 69185473458.3109
598.7 69230539386.5885
598.8 69267808739.6844
598.9 69501602440.0482
599 68366561323.2718
599.1 68364092172.6158
599.2 68370513436.9963
599.3 68229970353.1841
599.4 67657884899.6149
599.5 67511200775.1846
599.6 67324446668.0597
599.7 66923127921.307
599.8 67266840231.5212
599.9 68007163200.3043
600 66645153552.4107
